,index,Date,Open,High,Low,Close,Adj Close,Volume,adjClose,volume,Percent Price Change Within Period,Scaled Volume,SMA(3),t+1
0,0,2013-01-02,39.395,40.224998,39.395,40.224998,39.368534000000004,1906800,39.368534000000004,1906800,2.1068612768117685,0.9150508772762656,,39.251090999999995
1,1,2013-01-03,40.224998,40.389998999999996,39.880001,40.105,39.251090999999995,1397000,39.251090999999995,1397000,-0.29831698189270883,0.6704038575387786,,39.671944
2,2,2013-01-04,40.334998999999996,40.720001,40.02,40.535,39.671944,1326400,39.671944,1326400,0.49584977056774027,0.6365237484892168,,40.626175
3,3,2013-01-07,40.5,41.549999,40.5,41.509997999999996,40.626175,2008800,40.626175,2008800,2.4938222222222124,0.9639994767529695,39.430523,40.092785
4,4,2013-01-08,41.355,41.785,40.884997999999996,40.965,40.092785,1284200,40.092785,1284200,-0.9430540442509816,0.616272465176306,39.84973666666667,39.784492
5,5,2013-01-09,41.130001,41.27,40.360001000000004,40.650002,39.784492,1482600,39.784492,1482600,-1.1670289042784108,0.7114822900407968,40.130301333333335,40.229801
6,6,2013-01-10,40.695,41.205002,40.689999,41.105,40.229801,1894400,40.229801,1894400,1.007494778228275,0.9091002632222349,40.16781733333334,39.941086
7,7,2013-01-11,41.195,41.279999,40.57,40.810001,39.941086,1559600,39.941086,1559600,-0.9345770117732747,0.7484336837634066,40.03569266666667,40.205338
8,8,2013-01-14,40.814999,41.125,40.709998999999996,41.080002,40.205338,1121400,40.205338,1121400,0.649278467457515,0.5381466613056451,39.98512633333334,39.490875
9,9,2013-01-15,40.794998,40.855,39.400002,40.349998,39.490875,2347200,39.490875,2347200,-1.0908200069037883,1.1263936538403874,40.12540833333335,38.688342999999996
10,10,2013-01-16,40.240002000000004,40.259997999999996,39.355,39.529999,38.688342999999996,3043800,38.688342999999996,3043800,-1.7644208864602131,1.4606837949724654,39.87909966666668,39.123859
11,11,2013-01-17,39.779999,40.125,39.459998999999996,39.974998,39.123859,2306400,39.123859,2306400,0.49019357692795024,1.1068142140497057,39.461518666666684,39.730667
12,12,2013-01-18,39.849998,40.619999,39.575001,40.595001,39.730667,1870800,39.730667,1870800,1.869518287052371,0.89777490099037,39.10102566666668,40.61639
13,13,2013-01-22,40.494999,41.5,40.375,41.5,40.61639,1949000,40.61639,1949000,2.4817904057733156,0.9353021605891764,39.18095633333335,40.450008000000004
14,14,2013-01-23,41.485001000000004,41.5,41.150002,41.330002,40.450008000000004,1559600,40.450008000000004,1559600,-0.37362660302214684,0.7484336837634066,39.82363866666668,40.645752
15,15,2013-01-24,41.450001,41.915001000000004,41.279999,41.529999,40.645752,1673400,40.645752,1673400,0.19299878907119022,0.803044964356043,40.265688333333344,40.802345
16,16,2013-01-25,41.665001000000004,41.939999,41.424999,41.689999,40.802345,1793600,40.802345,1793600,0.05999759846398784,0.8607275296217275,40.570716666666684,40.680008
17,17,2013-01-28,41.895,41.950001,41.505001,41.564999,40.680008,1382600,40.680008,1382600,-0.7876858813700988,0.6634934670244204,40.63270166666669,41.291702
18,18,2013-01-29,41.549999,42.244999,41.285,42.189999,41.291702,1892200,41.291702,1892200,1.5403129131242592,0.9080445091158746,40.709368333333366,40.357037
19,19,2013-01-30,42.25,42.294998,41.09,41.235001000000004,40.357037,1869600,40.357037,1869600,-2.4023644970414106,0.8971990351141735,40.92468500000003,40.396179
20,20,2013-01-31,41.305,41.605,41.055,41.275002,40.396179,1459000,40.396179,1459000,-0.072625590122259,0.7001569278089319,40.776249000000035,41.164471
21,21,2013-02-01,41.529999,42.674999,41.455002,42.060001,41.164471,2253200,41.164471,2253200,1.2761907362434641,1.0812841602049934,40.681639333333365,40.660427
22,22,2013-02-04,41.805,41.91,41.189999,41.544998,40.660427,1719200,40.660427,1719200,-0.621939959335008,0.8250238452975434,40.639229000000036,40.910011
23,23,2013-02-05,41.605,42.455002,41.41,41.799999,40.910011,2446600,40.910011,2446600,0.46869126306934944,1.1740945439186654,40.74035900000003,41.820198
24,24,2013-02-06,43.830002,43.849998,42.25,42.73,41.820198,3723800,41.820198,3723800,-2.509701003435965,1.7870077914838252,40.91163633333337,42.35849
25,25,2013-02-07,42.625,43.369999,42.625,43.279999,42.35849,3743200,42.35849,3743200,1.5366545454545375,1.7963176231490021,41.130212000000036,43.112095000000004
26,26,2013-02-08,43.400002,44.165001000000004,43.290001000000004,44.049999,43.112095000000004,2177600,43.112095000000004,2177600,1.4976888710742435,1.0450046100046129,41.696233000000035,42.818484999999995
27,27,2013-02-11,44.049999,44.049999,43.264998999999996,43.75,42.818484999999995,1109800,42.818484999999995,1109800,-0.6810420131905104,0.5325799578357455,42.43026100000004,42.842953
28,28,2013-02-12,43.790001000000004,44.029999,43.459998999999996,43.775002,42.842953,1260800,42.842953,1260800,-0.034252111572235615,0.6050430805904738,42.763023333333365,42.877209
29,29,2013-02-13,43.82,44.174999,43.584998999999996,43.810001,42.877209,1495400,42.877209,1495400,-0.02281834778640013,0.717624859386893,42.92451100000003,43.014225
30,30,2013-02-14,43.549999,44.145,43.535,43.950001,43.014225,1317400,43.014225,1317400,0.9184891140870075,0.6322047544177429,42.846215666666694,43.028908
31,31,2013-02-15,43.84,44.360001000000004,43.834998999999996,43.965,43.028908,1692000,43.028908,1692000,0.2851277372262774,0.8119708854370891,42.91146233333336,43.263802
32,32,2013-02-19,44.029999,44.459998999999996,43.959998999999996,44.205002,43.263802,1140600,43.263802,1140600,0.39746310237255245,0.5473605153247895,42.97344733333336,42.632534
33,33,2013-02-20,44.174999,44.34,43.514998999999996,43.560001,42.632534,1435800,42.632534,1435800,-1.392185656868945,0.6890235208691327,43.1023116666667,42.162754
34,34,2013-02-21,43.395,43.5,42.5,43.080002,42.162754,2200800,42.162754,2200800,-0.7258854706763516,1.0561380169444121,42.97508133333336,42.847843
35,35,2013-02-22,43.325001,43.794998,43.125,43.779999,42.847843,1194200,42.847843,1194200,1.0501973214034,0.5730825244615672,42.68636333333336,41.781052
36,36,2013-02-25,44.044998,44.290001000000004,42.689999,42.689999,41.781052,1400800,41.781052,1400800,-3.076397006534089,0.6722274328134009,42.54771033333336,42.661892
37,37,2013-02-26,42.794998,43.735001000000004,42.794998,43.59,42.661892,1788000,42.661892,1788000,1.8576984160625591,0.8580401555328103,42.26388300000003,42.916351
38,38,2013-02-27,43.575001,44.09,43.290001000000004,43.849998,42.916351,1350000,42.916351,1350000,0.631088912654297,0.6478491107210816,42.43026233333336,42.798916
39,39,2013-02-28,43.869999,44.25,43.724998,43.73,42.798916,1465200,42.798916,1465200,-0.3191224143862029,0.7031322348359473,42.45309833333336,43.66507
40,40,2013-03-01,43.84,44.695,43.52,44.615002000000004,43.66507,2139400,43.66507,2139400,1.7677965328467167,1.0266728796123572,42.792386333333354,43.846127
41,41,2013-03-04,44.514998999999996,44.805,44.134997999999996,44.799999,43.846127,1410800,43.846127,1410800,0.6402336434962151,0.6770263151150385,43.12677900000003,45.1576
42,42,2013-03-05,45.0,46.16,44.904999,46.139998999999996,45.1576,2632800,45.1576,2632800,2.533331111111102,1.2634497323751583,43.43670433333336,44.487183
43,43,2013-03-06,46.32,46.48,45.365002000000004,45.455002,44.487183,1982400,44.487183,1982400,-1.8674395509499133,0.9513304274766461,44.22293233333337,44.780796
44,44,2013-03-07,45.52,46.145,45.509997999999996,45.755001,44.780796,1472200,44.780796,1472200,0.5162587873462146,0.7064914524470937,44.49697000000003,45.162490999999996
45,45,2013-03-08,46.0,46.310001,45.700001,46.145,45.162490999999996,1380800,45.162490999999996,1380800,0.3152173913043546,0.6626296682101256,44.80852633333337,45.402279
46,46,2013-03-11,45.945,46.724998,45.889998999999996,46.389998999999996,45.402279,1317400,45.402279,1317400,0.9685471759712606,0.6322047544177429,44.8101566666667,45.544189
47,47,2013-03-12,46.345001,46.555,46.07,46.535,45.544189,1380600,45.544189,1380600,0.40996654633796026,0.6625336905640928,45.11518866666669,45.465889000000004
48,48,2013-03-13,46.650002,46.700001,46.299999,46.455002,45.465889000000004,2167400,45.465889000000004,2167400,-0.4180064129472069,1.0401097500569425,45.36965300000003,45.509933000000004
49,49,2013-03-14,46.450001,46.615002000000004,46.310001,46.5,45.509933000000004,1766800,45.509933000000004,1766800,0.10764047131021522,0.8478665250533386,45.4707856666667,45.402279
50,50,2013-03-15,46.375,46.66,46.32,46.389998999999996,45.402279,3258400,45.402279,3258400,0.032342857142848486,1.5636678091656093,45.50667033333337,44.589946999999995
51,51,2013-03-18,46.035,46.035,45.485001000000004,45.560001,44.589946999999995,1347000,44.589946999999995,1347000,-1.0318214402085302,0.6464094460305904,45.45936700000002,44.413776
52,52,2013-03-19,45.625,45.834998999999996,44.915001000000004,45.380001,44.413776,1305200,44.413776,1305200,-0.5369841095890411,0.626350118009745,45.167386333333354,44.722076
53,53,2013-03-20,45.735001000000004,45.799999,45.415001000000004,45.695,44.722076,932200,44.722076,932200,-0.08746255411693055,0.447351808158661,44.802000666666686,44.320805
54,54,2013-03-21,45.384997999999996,45.52,44.970001,45.285,44.320805,1189800,44.320805,1189800,-0.22033271875433239,0.5709710162488466,44.57526633333336,45.553974
55,55,2013-03-22,45.369999,46.740002000000004,45.235001000000004,46.544998,45.553974,1679200,45.553974,1679200,2.5898149127135746,0.8058283160909928,44.48555233333337,45.275043
56,56,2013-03-25,46.465,46.895,45.994999,46.259997999999996,45.275043,1630000,45.275043,1630000,-0.4411965995911061,0.7822178151669357,44.86561833333337,45.617584
57,57,2013-03-26,46.455002,46.965,46.325001,46.610001000000004,45.617584,1399000,45.617584,1399000,0.3336540594702884,0.6713636339991061,45.04994066666669,45.353336
58,58,2013-03-27,46.349998,46.439999,45.974998,46.34,45.353336,880200,45.353336,880200,-0.021570658967441498,0.42239762019014526,45.48220033333336,46.361404
59,59,2013-03-28,46.389998999999996,47.459998999999996,46.195,47.369999,46.361404,1848200,46.361404,1848200,2.1125242964545095,0.886929426988669,45.41532100000003,46.111839
60,60,2013-04-01,47.485001000000004,47.485001000000004,46.57,47.115002000000004,46.111839,1612400,46.111839,1612400,-0.7791913071666565,0.7737717823160534,45.777441333333364,46.400558000000004
61,61,2013-04-02,47.220001,47.564999,47.195,47.41,46.400558000000004,1285000,46.400558000000004,1285000,0.40236975005568754,0.616656375760437,45.94219300000003,45.431633000000005
62,62,2013-04-03,47.345001,47.384997999999996,46.349998,46.419998,45.431633000000005,1516000,45.431633000000005,1516000,-1.9537500907434846,0.7275105569282665,46.291267000000026,45.103767
63,63,2013-04-04,46.400002,46.52,45.994999,46.084998999999996,45.103767,1226600,45.103767,1226600,-0.6788857465997616,0.5886309031188731,45.98134333333336,45.084198
64,64,2013-04-05,45.674999,46.275002,45.625,46.064999,45.084198,1358600,45.084198,1358600,0.8538588035874956,0.65197614950049,45.64531933333336,45.715462
65,65,2013-04-08,46.025002,46.715,45.715,46.709998999999996,45.715462,1274800,45.715462,1274800,1.488314981496352,0.6117615158127666,45.2065326666667,45.573547
66,66,2013-04-09,46.685001,46.884997999999996,45.939999,46.564999,45.573547,817400,45.573547,817400,-0.2570461549310013,0.39226063933586086,45.30114233333337,46.620765999999996
67,67,2013-04-10,46.814999,47.639998999999996,46.59,47.634997999999996,46.620765999999996,1546400,46.620765999999996,1546400,1.751573251128331,0.7420991591252449,45.4577356666667,46.752891999999996
68,68,2013-04-11,47.630001,48.119999,47.514998999999996,47.77,46.752891999999996,1636400,46.752891999999996,1636400,0.29393028986080244,0.7852890998399837,45.969925000000025,46.33205
69,69,2013-04-12,47.970001,47.970001,47.224998,47.34,46.33205,1794800,46.33205,1794800,-1.3133228827741739,0.861303395497924,46.315735000000025,44.805256
70,70,2013-04-15,47.25,47.294998,45.764998999999996,45.779999,44.805256,1781600,44.805256,1781600,-3.1111132275132345,0.8549688708597623,46.568569333333365,46.013969
71,71,2013-04-16,46.029999,47.27,45.935001,47.014998999999996,46.013969,1669000,46.013969,1669000,2.139908801649115,0.8009334561433225,45.96339933333337,45.182068
72,72,2013-04-17,46.645,46.689999,45.689999,46.165001000000004,45.182068,1427000,45.182068,1427000,-1.0290470575624382,0.6848005044436914,45.717091666666704,44.629096999999994
73,73,2013-04-18,46.355,46.490002000000004,45.384997999999996,45.599998,44.629096999999994,1160600,44.629096999999994,1160600,-1.6287390788480156,0.5569582799280647,45.33376433333337,44.922714
74,74,2013-04-19,45.404999,46.32,45.27,45.900002,44.922714,1540200,44.922714,1540200,1.0901949364650447,0.7391238520982296,45.2750446666667,44.795475
75,75,2013-04-22,45.845001,46.134997999999996,45.419998,45.77,44.795475,1133000,44.795475,1133000,-0.16359689903813138,0.5437133647755448,44.91129300000003,45.475681
76,76,2013-04-23,46.095001,46.505001,45.705002,46.465,45.475681,1586600,45.475681,1586600,0.8026879096932874,0.7613906659778282,44.7824286666667,45.089088000000004
77,77,2013-04-24,46.57,46.785,46.029999,46.07,45.089088000000004,1347200,45.089088000000004,1347200,-1.0736525660296328,0.6465054236766231,45.06462333333337,44.854198
78,78,2013-04-25,46.264998999999996,46.360001000000004,45.400002,45.830002,44.854198,2991000,44.854198,2991000,-0.940229135204338,1.4353456964198188,45.12008133333338,46.919270000000004
79,79,2013-04-26,47.5,48.759997999999996,47.185001,47.939999,46.919270000000004,3977800,46.919270000000004,3977800,0.926313684210527,1.9088994019454213,45.139655666666705,46.38588
80,80,2013-04-29,47.185001,47.764998999999996,47.055,47.395,46.38588,1734800,46.38588,1734800,0.44505456299556584,0.8325101016880981,45.62085200000004,47.354797
81,81,2013-04-30,47.095001,48.445,47.095001,48.384997999999996,47.354797,2416400,47.354797,2416400,2.739137854567606,1.1596019193677198,46.053116000000045,46.816502
82,82,2013-05-01,48.025002,48.485001000000004,47.544998,47.834998999999996,46.816502,1530600,46.816502,1530600,-0.39563350773000355,0.7345169250886575,46.88664900000004,47.389057
83,83,2013-05-02,47.834998999999996,48.634997999999996,47.75,48.419998,47.389057,1550600,47.389057,1550600,1.222951839091715,0.7441146896919327,46.852393000000035,47.305862
84,84,2013-05-03,48.884997999999996,49.110001000000004,48.195,48.334998999999996,47.305862,2005000,47.305862,2005000,-1.1250874961680468,0.9621759014783472,47.186785333333376,46.777359000000004
85,85,2013-05-06,48.16,48.349998,47.59,47.794998,46.777359000000004,1210200,46.777359000000004,1210200,-0.7578945182724189,0.5807607361441874,47.17047366666671,46.469066999999995
86,86,2013-05-07,47.935001,47.994999,47.325001,47.48,46.469066999999995,1517800,46.469066999999995,1517800,-0.9492041107916174,0.7283743557425613,47.157426000000044,46.102051
87,87,2013-05-08,47.23,47.540001000000004,46.970001,47.105,46.102051,1511800,46.102051,1511800,-0.26466229091679017,0.7254950263615787,46.850762666666704,46.023754
88,88,2013-05-09,47.240002000000004,47.240002000000004,46.744999,47.025002,46.023754,1294400,46.023754,1294400,-0.45512275803884045,0.6211673251239763,46.449492333333374,46.527786
89,89,2013-05-10,47.255001,47.540001000000004,46.884997999999996,47.540001000000004,46.527786,1175000,46.527786,1175000,0.6031107691649477,0.563868670442423,46.19829066666671,46.513115
90,90,2013-05-13,47.299999,47.735001000000004,47.18,47.525002,46.513115,1162600,46.513115,1162600,0.475693456145741,0.5579180563883922,46.21786366666671,46.826294
91,91,2013-05-14,47.535,47.939999,47.424999,47.845001,46.826294,1232000,46.826294,1232000,0.6521531503103122,0.5912222995617574,46.354885000000046,47.4282
92,92,2013-05-15,47.794998,48.474998,47.560001,48.459998999999996,47.4282,1122400,47.4282,1122400,1.3913610792493318,0.5386265495358089,46.62239833333337,47.163952
93,93,2013-05-16,48.169998,48.439999,47.855,48.189999,47.163952,1119000,47.163952,1119000,0.04152169572438139,0.5369949295532521,46.922536333333376,48.362865
94,94,2013-05-17,48.450001,49.439999,48.384997999999996,49.415001000000004,48.362865,2103600,48.362865,2103600,1.9917440249382108,1.0094928809724943,47.139482000000044,47.477131
95,95,2013-05-20,49.220001,49.395,48.294998,48.509997999999996,47.477131,1130600,47.477131,1130600,-1.442509113317587,0.5425616330231517,47.65167233333338,47.775639
96,96,2013-05-21,48.630001,49.23,48.395,48.814999,47.775639,1010800,47.775639,1010800,0.3804194863166879,0.48507102304953287,47.66798266666672,47.100334000000004
97,97,2013-05-22,48.865002000000004,49.27,47.775002,48.125,47.100334000000004,1433600,47.100334000000004,1433600,-1.5143803739126094,0.6879677667627724,47.87187833333339,47.178631
98,98,2013-05-23,47.895,48.549999,47.514998999999996,48.205002,47.178631,1189000,47.178631,1189000,0.6472533667397373,0.5705871056647156,47.45103466666672,47.022034000000005
99,99,2013-05-24,47.744999,48.32,47.130001,48.044998,47.022034000000005,967600,47.022034000000005,967600,0.6283359645687702,0.46433985150645823,47.351534666666716,46.708847
100,100,2013-05-28,48.605,48.705002,47.505001,47.724998,46.708847,1201200,46.708847,1201200,-1.8105174364777237,0.5764417420727136,47.100333000000056,47.540752000000005
101,101,2013-05-29,47.689999,48.880001,47.5,48.575001,47.540752000000005,2347200,47.540752000000005,2347200,1.8557391875810274,1.1263936538403874,46.96983733333338,47.917553000000005
102,102,2013-05-30,48.84,49.264998999999996,48.505001,48.959998999999996,47.917553000000005,1291800,47.917553000000005,1291800,0.24569819819818356,0.6199196157255505,47.09054433333338,48.035004
103,103,2013-05-31,48.619999,49.445,48.555,49.080002,48.035004,2397400,48.035004,2397400,0.946118900578341,1.1504840429946082,47.38905066666672,48.377544
104,104,2013-06-03,49.189999,49.639998999999996,48.669998,49.43,48.377544,1918000,48.377544,1918000,0.4879060883900393,0.9204256254540997,47.83110300000006,48.465633000000004
105,105,2013-06-04,49.654999,49.805,49.185001,49.52,48.465633000000004,2044800,48.465633000000004,2044800,-0.2718739355930577,0.981275453038865,48.11003366666673,47.359695
106,106,2013-06-05,49.424999,49.540001000000004,48.275002,48.389998999999996,47.359695,2117200,47.359695,2117200,-2.0940819847057637,1.0160193609027215,48.29272700000006,48.573288
107,107,2013-06-06,48.490002000000004,49.654999,48.349998,49.630001,48.573288,2151600,48.573288,2151600,2.3509980469788303,1.032527516020355,48.06762400000006,48.617329
108,108,2013-06-07,49.595001,50.0,49.18,49.674999,48.617329,1727800,48.617329,1727800,0.1613025474079459,0.8291508840769518,48.132872000000056,48.176914000000004
109,109,2013-06-10,49.595001,49.740002000000004,49.200001,49.224998,48.176914000000004,1424600,48.176914000000004,1424600,-0.7460489818318666,0.6836487726912984,48.18343733333339,48.025215
110,110,2013-06-11,48.889998999999996,49.580002,48.630001,49.07,48.025215,995400,48.025215,995400,0.3681755035421545,0.4776807443050109,48.455843666666716,47.516281
111,111,2013-06-12,49.369999,49.599998,48.41,48.549999,47.516281,958600,47.516281,958600,-1.6609277225223362,0.46002085743498433,48.273152666666725,48.397121000000006
112,112,2013-06-13,48.619999,49.494999,48.205002,49.450001,48.397121000000006,834000,48.397121000000006,834000,1.7071205616437803,0.40022678395657935,47.906136666666725,48.064362
113,113,2013-06-14,49.259997999999996,49.52,48.924999,49.110001000000004,48.064362,1294000,48.064362,1294000,-0.3045006213763792,0.6209753698319108,47.97953900000005,48.064362
114,114,2013-06-17,49.41,49.630001,48.93,49.110001000000004,48.064362,1310000,48.064362,1310000,-0.6071625177089508,0.6286535815145311,47.99258800000005,48.450951
115,115,2013-06-18,49.040001000000004,49.595001,49.040001000000004,49.505001,48.450951,833400,48.450951,833400,0.9482055271573022,0.3999388510184811,48.17528166666673,47.526070000000004
116,116,2013-06-19,49.540001000000004,49.605,48.435001,48.560001,47.526070000000004,918800,47.526070000000004,918800,-1.978199394868813,0.44092130587446654,48.19322500000006,46.258635999999996
117,117,2013-06-20,48.23,48.384997999999996,47.025002,47.264998999999996,46.258635999999996,2033800,46.258635999999996,2033800,-2.000831432718227,0.9759966825070636,48.01379433333339,46.288002
118,118,2013-06-21,47.470001,47.904999,47.049999,47.294998,46.288002,3594000,46.288002,3594000,-0.3686601986800122,1.7247182992085686,47.41188566666673,46.312473
119,119,2013-06-24,47.049999,47.764998999999996,46.509997999999996,47.32,46.312473,1936800,46.312473,1936800,0.573859735895001,0.9294475241811785,46.69090266666672,46.464172
120,120,2013-06-25,47.735001000000004,47.985001000000004,47.084998999999996,47.474998,46.464172,1218200,46.464172,1218200,-0.5446799927793122,0.5845998419854975,46.28637033333339,47.154167
121,121,2013-06-26,48.049999,48.275002,47.605,48.18,47.154167,1091600,47.154167,1091600,0.27055359564107384,0.523845992046765,46.354882333333386,47.364585999999996
122,122,2013-06-27,48.59,48.830002,48.139998999999996,48.395,47.364585999999996,946600,47.364585999999996,946600,-0.40131714344515385,0.4542621986730192,46.643604000000046,47.022034000000005
123,123,2013-06-28,48.119999,48.650002,48.0,48.044998,47.022034000000005,2979200,47.022034000000005,2979200,-0.15586243050420745,1.4296830153038862,46.99430833333338,47.712021
124,124,2013-07-01,48.5,49.290001000000004,48.049999,48.75,47.712021,1553100,47.712021,1553100,0.5154639175257731,0.7453144102673421,47.18026233333339,47.584793
125,125,2013-07-02,48.849998,48.919998,48.310001,48.619999,47.584793,1464600,47.584793,1464600,-0.470827040770809,0.7028443018978491,47.36621366666672,47.526070000000004
126,126,2013-07-03,48.369999,48.860001000000004,48.25,48.560001,47.526070000000004,851500,47.526070000000004,851500,0.3928096008436961,0.4086248279844452,47.43961600000005,48.77882
127,127,2013-07-05,49.459998999999996,49.869999,49.130001,49.84,48.77882,866600,48.77882,866600,0.7682996516033233,0.41587114025991806,47.607628000000055,47.888191
128,128,2013-07-08,49.990002000000004,50.099998,48.900002,48.93,47.888191,1271700,47.888191,1271700,-2.120428000783045,0.610273862299259,47.96322766666672,46.517998
129,129,2013-07-09,49.02,49.09,47.349998,47.529999,46.517998,2414300,46.517998,2414300,-3.039577723378226,1.1585941540843758,48.06436033333339,46.576716999999995
130,130,2013-07-10,48.0,48.110001000000004,47.34,47.59,46.576716999999995,1638400,46.576716999999995,1638400,-0.8541666666666595,0.7862488763003113,47.728336333333395,48.054577
131,131,2013-07-11,48.0,49.27,48.0,49.099998,48.054577,1958200,48.054577,1958200,2.2916624999999984,0.9397171323066831,46.99430200000006,48.50478
132,132,2013-07-12,49.310001,49.759997999999996,48.950001,49.560001,48.50478,2177300,48.50478,2177300,0.5069965421416235,1.0448606435355638,47.04976400000006,48.485207
133,133,2013-07-15,49.52,49.939999,49.02,49.540001000000004,48.485207,1133700,48.485207,1133700,0.04038974151857956,0.5440492865366595,47.712024666666714,48.338398
134,134,2013-07-16,49.369999,49.830002,49.02,49.389998999999996,48.338398,1463300,48.338398,1463300,0.040510432256634275,0.7022204471986362,48.34818800000005,48.60265
135,135,2013-07-17,49.73,49.919998,49.43,49.66,48.60265,889400,48.60265,889400,-0.14076010456464969,0.42681259190765186,48.44279500000005,48.612438
136,136,2013-07-18,49.669998,49.98,49.360001000000004,49.669998,48.612438,881500,48.612438,881500,0.0,0.42302147488935815,48.47541833333338,48.729884999999996
137,137,2013-07-19,49.73,50.41,49.299999,49.790001000000004,48.729884999999996,1594200,48.729884999999996,1594200,0.12065352905692109,0.7650378165270729,48.51782866666671,49.463913
138,138,2013-07-22,50.419998,50.540001000000004,49.959998999999996,50.540001000000004,49.463913,1404200,49.463913,1404200,0.23800675279678526,0.6738590527959577,48.64832433333337,48.857109
139,139,2013-07-23,50.450001,50.73,49.900002,49.919998,48.857109,1157500,48.857109,1157500,-1.0505510198106849,0.555470626414557,48.93541200000004,48.338398
140,140,2013-07-24,49.91,50.849998,49.34,49.389998999999996,48.338398,1515200,48.338398,1515200,-1.04187737928271,0.7271266463441355,49.016969000000046,48.573288
141,141,2013-07-25,49.259997999999996,49.779999,48.919998,49.630001,48.573288,2064500,48.573288,2064500,0.751122645193782,0.9907292511730912,48.886473333333385,47.623943
142,142,2013-07-26,49.0,49.740002000000004,47.93,48.66,47.623943,3119900,47.623943,3119900,-0.6938775510204152,1.497203289287928,48.589598333333385,47.261818
143,143,2013-07-29,48.439999,48.77,47.939999,48.290001000000004,47.261818,1974300,47.261818,1974300,-0.3096573144024973,0.9474433328123196,48.17854300000005,48.230743
144,144,2013-07-30,48.490002000000004,49.619999,48.380001,49.279999,48.230743,2579600,48.230743,2579600,1.629195643258568,1.237919678530446,47.819683000000055,47.956707
145,145,2013-07-31,49.450001,49.790001000000004,48.93,49.0,47.956707,1774900,47.956707,1774900,-0.9100121150654786,0.8517536197176651,47.70550133333339,48.798389
146,146,2013-08-01,49.299999,49.970001,49.23,49.860001000000004,48.798389,1574000,48.798389,1574000,1.1359067167526806,0.7553440742777648,47.81642266666672,49.003918
147,147,2013-08-02,50.0,50.419998,49.82,50.07,49.003918,1592700,49.003918,1592700,0.14000000000000057,0.7643179841818272,48.328613000000054,48.661373
148,148,2013-08-05,49.990002000000004,50.040001000000004,49.389998999999996,49.720001,48.661373,1152800,48.661373,1152800,-0.5401100003956802,0.5532151517327873,48.58633800000006,48.269886
149,149,2013-08-06,49.66,49.799999,49.189999,49.32,48.269886,1161300,48.269886,1161300,-0.6846556584776406,0.5572942016891793,48.821226666666725,47.614162
150,150,2013-08-07,49.200001,49.419998,48.59,48.650002,47.614162,1213800,47.614162,1213800,-1.1178841236202406,0.582488333772777,48.64505900000006,47.594578000000006
151,151,2013-08-08,49.0,49.040001000000004,48.48,48.630001,47.594578000000006,954000,47.594578000000006,954000,-0.7551,0.45781337157623103,48.181807000000056,47.702244
152,152,2013-08-09,48.509997999999996,48.98,48.310001,48.740002000000004,47.702244,759500,47.702244,759500,0.4741373108281887,0.3644751108093789,47.82620866666673,47.888191
153,153,2013-08-12,48.5,49.490002000000004,48.310001,48.93,47.888191,802700,47.888191,802700,0.8865979381443293,0.3852062823524535,47.63699466666674,47.946918
154,154,2013-08-13,48.869999,49.110001000000004,48.139998999999996,48.990002000000004,47.946918,1068500,47.946918,1068500,0.24555556058023262,0.5127605739299821,47.72833766666674,47.672874
155,155,2013-08-14,49.0,49.189999,48.700001,48.709998999999996,47.672874,1272900,47.672874,1272900,-0.5918387755102117,0.6108497281754555,47.845784333333405,46.038437
156,156,2013-08-15,48.380001,48.380001,46.98,47.040001000000004,46.038437,1991600,46.038437,1991600,-2.7697395045527102,0.9557453991941528,47.83599433333341,46.371196999999995
157,157,2013-08-16,46.889998999999996,47.580002,46.310001,47.380001,46.371196999999995,1887800,46.371196999999995,1887800,1.0450032212626068,0.905933000903154,47.21940966666674,46.478859
158,158,2013-08-19,46.990002000000004,48.259997999999996,46.900002,47.490002000000004,46.478859,1353800,46.478859,1353800,1.0640561368777979,0.6496726859957039,46.69416933333341,46.615875
159,159,2013-08-20,47.759997999999996,48.32,47.540001000000004,47.630001,46.615875,894200,46.615875,894200,-0.27218803484873666,0.4291160554124379,46.296164333333415,46.028648
160,160,2013-08-21,47.630001,47.82,46.91,47.029999,46.028648,1080200,46.028648,1080200,-1.2597144392249824,0.5183752662228981,46.488643666666746,46.615875
161,161,2013-08-22,47.060001,47.82,47.029999,47.630001,46.615875,633700,46.615875,633700,1.2112196937692379,0.3041051714547774,46.37446066666675,46.42992
162,162,2013-08-23,47.650002,47.700001,46.860001000000004,47.439999,46.42992,1386600,46.42992,1386600,-0.4407198136109215,0.6654130199450754,46.420132666666746,46.459282
163,163,2013-08-26,47.450001,47.900002,47.25,47.470001,46.459282,1022600,46.459282,1022600,0.042149630302437985,0.49073370416546525,46.35814766666675,45.656742
164,164,2013-08-27,47.0,47.299999,46.560001,46.650002,45.656742,1235500,45.656742,1235500,-0.7446765957446795,0.5929019083673307,46.501692333333416,45.353336
165,165,2013-08-28,46.830002,46.830002,46.299999,46.34,45.353336,987800,45.353336,987800,-1.0463420437180355,0.47403359375576626,46.18198133333342,45.666531
166,166,2013-08-29,46.150002,47.240002000000004,46.07,46.66,45.666531,762800,45.666531,762800,1.1050877094219755,0.3660587419689193,45.82312000000008,45.079311
167,167,2013-08-30,46.639998999999996,46.639998999999996,45.860001000000004,46.060001,45.079311,1168400,45.079311,1168400,-1.2435634915000668,0.5607014081233421,45.558869666666745,45.911201
168,168,2013-09-03,47.150002,47.810001,46.73,46.91,45.911201,1962300,45.911201,1962300,-0.5090180059801568,0.9416846740503545,45.36639266666674,46.2929
169,169,2013-09-04,46.889998999999996,47.349998,46.389998999999996,47.299999,46.2929,1542100,46.2929,1542100,0.8743868815181756,0.7400356397355408,45.55234766666674,45.617584
170,170,2013-09-05,47.119999,47.299999,46.580002,46.610001000000004,45.617584,1228400,45.617584,1228400,-1.0823387326472482,0.5894947019331679,45.76113733333341,45.705669
171,171,2013-09-06,46.860001000000004,47.07,45.810001,46.700001,45.705669,1036000,45.705669,1036000,-0.3414425876772894,0.4971642064496597,45.940561666666746,46.371196999999995
172,172,2013-09-09,46.759997999999996,47.490002000000004,46.759997999999996,47.380001,46.371196999999995,928300,46.371196999999995,928300,1.3259260618445794,0.4454802440610223,45.87205100000008,47.115013
173,173,2013-09-10,47.650002,48.400002,47.549999,48.139998999999996,47.115013,1469300,47.115013,1469300,1.0283252454008194,0.7050997765796188,45.89815000000007,47.496712
174,174,2013-09-11,48.130001,48.84,48.119999,48.529999,47.496712,1200400,47.496712,1200400,0.8310783122568324,0.5760578314885826,46.397293000000076,47.555434999999996
175,175,2013-09-12,48.389998999999996,49.0,48.330002,48.59,47.555434999999996,1907300,47.555434999999996,1907300,0.41331060990517365,0.9152908213913474,46.99430733333341,47.937129999999996
176,176,2013-09-13,48.73,49.049999,48.529999,48.98,47.937129999999996,1325600,47.937129999999996,1325600,0.5130309870716191,0.6361398379050858,47.38905333333341,48.60265
177,177,2013-09-16,49.5,49.98,49.380001,49.66,48.60265,1801300,48.60265,1801300,0.3232323232323163,0.8644226689939885,47.6630923333334,48.426483000000005
178,178,2013-09-17,49.810001,49.849998,49.310001,49.48,48.426483000000005,895600,48.426483000000005,895600,-0.662519561081725,0.42978789893466723,48.03173833333341,48.514571999999994
179,179,2013-09-18,49.459998999999996,49.610001000000004,48.810001,49.57,48.514571999999994,1208200,48.514571999999994,1208200,0.222403967294872,0.5798009596838599,48.322087666666754,48.808182
180,180,2013-09-19,49.689999,49.990002000000004,49.310001,49.869999,48.808182,780000,48.808182,780000,0.36224593202346356,0.37431281952773604,48.514568333333415,48.759251
181,181,2013-09-20,49.900002,50.25,49.700001,49.82,48.759251,2221600,48.759251,2221600,-0.16032464287276052,1.0661196921318186,48.58307900000009,48.211166
182,182,2013-09-23,49.529999,49.73,48.880001,49.259997999999996,48.211166,1266800,48.211166,1266800,-0.5451261971557897,0.6079224099714565,48.69400166666676,47.849041
183,183,2013-09-24,49.34,49.490002000000004,48.810001,48.889998999999996,47.849041,1055000,47.849041,1055000,-0.9120409404134727,0.5062820828227712,48.592866333333426,47.946918
184,184,2013-09-25,49.009997999999996,49.110001000000004,48.610001000000004,48.990002000000004,47.946918,1120300,47.946918,1120300,-0.040799838432949764,0.537618784252465,48.27315266666676,47.692448
185,185,2013-09-26,49.02,49.369999,48.580002,48.73,47.692448,1258500,47.692448,1258500,-0.5915952672378748,0.6039393376610972,48.002375000000086,51.489841
186,186,2013-09-27,48.549999,55.07,48.5,52.610001000000004,51.489841,6853200,51.489841,6853200,8.362517165036408,3.2887700189583087,47.829469000000095,51.431114
187,187,2013-09-30,52.0,52.98,51.369999,52.549999,51.431114,2855200,51.431114,2855200,1.057690384615384,1.3701768747635794,49.043069000000095,52.820885
188,188,2013-10-01,52.52,53.990002000000004,52.349998,53.970001,52.820885,2188000,52.820885,2188000,2.760854912414319,1.049995447598316,50.204467666666766,52.634930000000004
189,189,2013-10-02,53.549999,53.939999,53.0,53.779999,52.634930000000004,1424700,52.634930000000004,1424700,0.42950514340812007,0.6836967615143148,51.91394666666677,52.429398
190,190,2013-10-03,53.529999,53.709998999999996,52.5,53.57,52.429398,1723300,52.429398,1723300,0.07472632308475054,0.8269913870412148,52.2956430000001,53.54512
191,191,2013-10-04,53.66,54.82,53.529999,54.709998999999996,53.54512,1953600,53.54512,1953600,1.9567629519194927,0.9375096464479297,52.62840433333343,53.036198
192,192,2013-10-07,54.32,54.650002,53.959998999999996,54.189999,53.036198,1162800,53.036198,1162800,-0.23932437407952878,0.558014034034425,52.86981600000009,52.03791
193,193,2013-10-08,54.290001000000004,54.709998999999996,52.98,53.169998,52.03791,1434500,52.03791,1434500,-2.0630005145883197,0.6883996661699198,53.0035720000001,51.57793
194,194,2013-10-09,53.18,53.490002000000004,52.549999,52.700001,51.57793,1517800,51.57793,1517800,-0.9025930801053017,0.7283743557425613,52.873076000000104,53.34938399999999
195,195,2013-10-10,53.049999,54.599998,52.970001,54.509997999999996,53.34938399999999,1442900,53.34938399999999,1442900,2.752118807768491,0.6924307273032954,52.217346000000106,53.515769999999996
196,196,2013-10-11,54.27,54.93,54.119999,54.68,53.515769999999996,1196500,53.515769999999996,1196500,0.7554818500092069,0.5741862673909438,52.32174133333344,54.758731999999995
197,197,2013-10-14,54.150002,55.98,54.02,55.950001,54.758731999999995,1549500,54.758731999999995,1549500,3.324097753495927,0.7435868126387526,52.814361333333444,54.04427
198,198,2013-10-15,55.740002000000004,55.939999,54.869999,55.220001,54.04427,1133600,54.04427,1133600,-0.9329045233977576,0.5440012977136431,53.87462866666678,55.306796999999996
199,199,2013-10-16,55.450001,56.57,55.380001,56.509997999999996,55.306796999999996,1222800,55.306796999999996,1222800,1.9116266562375634,0.5868073278442508,54.10625733333345,55.903816000000006
200,200,2013-10-17,55.860001000000004,57.349998,55.860001000000004,57.119999,55.903816000000006,1305600,55.903816000000006,1305600,2.2556354769846783,0.6265420733018106,54.70326633333345,56.539981999999995
201,201,2013-10-18,57.18,57.799999,56.799999,57.77,56.539981999999995,1636100,56.539981999999995,1636100,1.03182931094789,0.7851451333709346,55.08496100000011,56.833583999999995
202,202,2013-10-21,57.91,58.130001,57.360001000000004,58.07,56.833583999999995,1219500,56.833583999999995,1219500,0.27629079606286255,0.5852236966847104,55.91686500000012,56.951035
203,203,2013-10-22,58.619999,59.419998,57.57,58.189999,56.951035,1668600,56.951035,1668600,-0.733538054137462,0.800741500851257,56.42579400000013,56.765071999999996
204,204,2013-10-23,57.889998999999996,58.419998,57.240002000000004,58.0,56.765071999999996,1982300,56.765071999999996,1982300,0.19001727742300362,0.9512824386536297,56.77486700000012,56.530181999999996
205,205,2013-10-24,59.040001000000004,59.09,57.639998999999996,57.759997999999996,56.530181999999996,2954600,56.530181999999996,2954600,-2.1680267247963085,1.4178777648418577,56.849897000000134,54.934895
206,206,2013-10-25,55.549999,57.200001,54.439999,56.130001,54.934895,3494300,54.934895,3494300,1.0441080295969047,1.6768734426612413,56.74876300000013,55.336166000000006
207,207,2013-10-28,55.93,56.580002,55.889998999999996,56.540001000000004,55.336166000000006,1586500,55.336166000000006,1586500,1.0906508135169033,0.7613426771548119,56.07671633333346,54.974045
208,208,2013-10-29,56.860001000000004,57.23,56.0,56.169998,54.974045,1492100,54.974045,1492100,-1.2135121137264917,0.7160412282273525,55.600414333333454,54.690212
209,209,2013-10-30,56.189999,56.82,55.830002,55.880001,54.690212,1442700,54.690212,1442700,-0.5516960411407024,0.6923347496572626,55.08170200000012,54.837025
210,210,2013-10-31,56.130001,56.549999,55.759997999999996,56.029999,54.837025,1645100,54.837025,1645100,-0.1781614078360759,0.7894641274424085,55.00014100000012,54.974045
211,211,2013-11-01,56.310001,56.52,55.700001,56.169998,54.974045,1282600,54.974045,1282600,-0.24862901352106193,0.6155046440080439,54.833760666666784,55.287231000000006
212,212,2013-11-04,56.209998999999996,56.549999,55.860001000000004,56.490002000000004,55.287231000000006,887400,55.287231000000006,887400,0.49813735097203576,0.42585281544732434,54.833760666666784,54.709789
213,213,2013-11-05,56.209998999999996,56.389998999999996,55.75,55.900002,54.709789,984000,54.709789,984000,-0.5514979639120714,0.47221001848114397,55.03276700000012,55.248081000000006
214,214,2013-11-06,56.060001,56.52,55.950001,56.450001,55.248081000000006,912700,55.248081000000006,912700,0.6956831841654811,0.4379939876704676,54.990355000000115,54.88596
215,215,2013-11-07,56.48,56.75,55.59,56.080002,54.88596,1738000,54.88596,1738000,-0.7082117563739315,0.8340457440246222,55.08170033333346,55.825511999999996
216,216,2013-11-08,55.990002000000004,57.09,55.950001,57.040001000000004,55.825511999999996,1136600,55.825511999999996,1136600,1.8753330282074283,0.5454409624041344,54.947943333333455,55.189354
217,217,2013-11-11,56.700001,56.869999,56.110001000000004,56.389998999999996,55.189354,862900,55.189354,862900,-0.5467407310980548,0.41409555380831214,55.31985100000012,55.267654
218,218,2013-11-12,56.259997999999996,56.970001,56.009997999999996,56.470001,55.267654,848300,55.267654,848300,0.3732723204149554,0.4070891856479212,55.30027533333345,55.571053000000006
219,219,2013-11-13,56.529999,56.790001000000004,55.959998999999996,56.779999,55.571053000000006,615000,55.571053000000006,615000,0.4422430646071655,0.29513126155071495,55.427506666666794,55.874451
220,220,2013-11-14,56.939999,57.189999,56.5,57.09,55.874451,754400,55.874451,754400,0.2634369558032538,0.3620276808355437,55.342687000000126,56.119125
221,221,2013-11-15,57.09,57.599998,56.82,57.34,56.119125,1004900,56.119125,1004900,0.43790506218251884,0.4822396824915666,55.57105266666679,55.434036
222,222,2013-11-18,57.389998999999996,57.459998999999996,56.380001,56.639998999999996,55.434036,616100,55.434036,616100,-1.3068479056777822,0.29565913860389514,55.85487633333346,54.954468000000006
223,223,2013-11-19,56.48,56.57,55.82,56.150002,54.954468000000006,771900,54.954468000000006,771900,-0.5842740793201068,0.3704257248634096,55.809204000000115,54.758731999999995
224,224,2013-11-20,56.360001000000004,56.619999,55.700001,55.950001,54.758731999999995,1069600,54.758731999999995,1069600,-0.7274662752401364,0.5132884509831622,55.502543000000124,56.461678000000006
225,225,2013-11-21,56.299999,57.900002,56.029999,57.689999,56.461678000000006,1490900,56.461678000000006,1490900,2.46891656250296,0.715465362351156,55.04907866666679,56.725929
226,226,2013-11-22,57.959998999999996,58.029999,57.52,57.959998999999996,56.725929,1044800,56.725929,1044800,0.0,0.5013872228751008,55.39162600000012,56.99996899999999
227,227,2013-11-25,58.09,58.459998999999996,57.950001,58.240002000000004,56.99996899999999,1343100,56.99996899999999,1343100,0.25822344637631367,0.6445378819329517,55.98211300000012,56.451889
228,228,2013-11-26,58.060001,58.360001000000004,57.470001,57.68,56.451889,1187000,56.451889,1187000,-0.6544970607217179,0.5696273292043881,56.729192000000126,56.422531000000006
229,229,2013-11-27,57.700001,58.049999,57.25,57.650002,56.422531000000006,655500,56.422531000000006,655500,-0.08665337804760122,0.31456673487234743,56.72592900000012,56.246365000000004
230,230,2013-11-29,57.709998999999996,58.080002,57.279999,57.470001,56.246365000000004,463400,56.246365000000004,463400,-0.41586900737945404,0.2223802058578883,56.62479633333345,56.451889
231,231,2013-12-02,57.59,58.080002,57.400002,57.68,56.451889,884800,56.451889,884800,0.15627713144642524,0.42460510604889856,56.373595000000115,56.226791000000006
232,232,2013-12-03,57.509997999999996,57.669998,56.790001000000004,57.450001,56.226791000000006,1517200,56.226791000000006,1517200,-0.10432446893841946,0.728086422804463,56.373595000000115,55.199146
233,233,2013-12-04,57.049999,57.43,55.810001,56.400002,55.199146,1449300,55.199146,1449300,-1.1393462075257865,0.6955020119763434,56.30834833333345,54.89574399999999
234,234,2013-12-05,56.5,56.959998999999996,56.009997999999996,56.09,54.89574399999999,1367300,54.89574399999999,1367300,-0.7256637168141533,0.6561511771029148,55.959275333333444,56.197426
235,235,2013-12-06,56.799999,57.52,56.509997999999996,57.419998,56.197426,1222600,56.197426,1222600,1.091547554428654,0.5867113501982181,55.44056033333345,55.502541
236,236,2013-12-09,57.490002000000004,57.650002,56.509997999999996,56.709998999999996,55.502541,1386100,55.502541,1386100,-1.3567628680896684,0.6651730758299935,55.430772000000125,54.670646999999995
237,237,2013-12-10,56.790001000000004,57.220001,55.75,55.860001000000004,54.670646999999995,1672400,54.670646999999995,1672400,-1.6376122268425382,0.8025650761258792,55.5319036666668,53.437473
238,238,2013-12-11,55.82,56.34,54.52,54.599998,53.437473,2945800,53.437473,2945800,-2.1856001433178087,1.4136547484164166,55.45687133333346,52.879604
239,239,2013-12-12,54.5,54.860001000000004,53.830002,54.029999,52.879604,1365400,52.879604,1365400,-0.8623871559633092,0.6552393894656037,54.53688700000013,53.016624
240,240,2013-12-13,54.5,54.82,53.919998,54.169998,53.016624,930300,53.016624,930300,-0.6055082568807346,0.44644002052134985,53.66257466666679,53.163433
241,241,2013-12-16,54.389998999999996,54.66,53.869999,54.32,53.163433,1212700,53.163433,1212700,-0.12869829249306605,0.5819604567195968,53.1112336666668,53.760441
242,242,2013-12-17,54.18,55.060001,54.060001,54.93,53.760441,1829600,53.760441,1829600,1.3842746400885935,0.878003505907623,53.01988700000013,54.572773
243,243,2013-12-18,54.84,55.82,53.720001,55.759997999999996,54.572773,1699000,54.572773,1699000,1.6776039387308397,0.8153301030482354,53.313499333333475,53.525551
244,244,2013-12-19,55.450001,55.68,54.34,54.689999,53.525551,1210500,53.525551,1210500,-1.3706077300160915,0.5809047026132366,53.832215666666805,53.505978000000006
245,245,2013-12-20,54.93,54.970001,54.41,54.669998,53.505978000000006,2235500,53.505978000000006,2235500,-0.47333333333333344,1.072790138531095,53.95292166666681,54.132346999999996
246,246,2013-12-23,54.98,55.349998,54.669998,55.310001,54.132346999999996,1124200,54.132346999999996,1124200,0.6002200800291068,0.5394903483501037,53.868100666666805,54.200867
247,247,2013-12-24,55.240002000000004,55.470001,55.080002,55.380001,54.200867,458400,54.200867,458400,0.2534377171094164,0.2199807647070695,53.72129200000014,54.484683999999994
248,248,2013-12-26,55.57,55.75,55.310001,55.669998,54.484683999999994,476200,54.484683999999994,476200,0.1799496131005927,0.2285227752039845,53.94639733333347,54.396603000000006
249,249,2013-12-27,55.869999,55.869999,55.310001,55.580002,54.396603000000006,1177400,54.396603000000006,1177400,-0.5190567481485003,0.565020402194816,54.2726326666668,54.572773
250,250,2013-12-30,55.630001,55.830002,55.369999,55.759997999999996,54.572773,567500,54.572773,567500,0.23368146263379708,0.2723365706179362,54.36071800000013,54.553192
251,251,2013-12-31,55.75,56.099998,55.549999,55.740002000000004,54.553192,676100,54.553192,676100,-0.01793363228698826,0.32445243241372096,54.48468666666679,53.897453000000006
252,252,2014-01-02,55.48,55.599998,54.82,55.07,53.897453000000006,1111400,53.897453000000006,1111400,-0.7390050468637286,0.5333477790040075,54.507522666666794,53.535343000000005
253,253,2014-01-03,55.080002,55.349998,54.610001000000004,54.700001,53.535343000000005,1039100,53.535343000000005,1039100,-0.6899073823563042,0.49865185996316735,54.341139333333466,53.045986
254,254,2014-01-06,54.669998,55.099998,54.150002,54.200001,53.045986,1465500,53.045986,1465500,-0.8596982205852638,0.7032762013049965,53.99532933333347,54.08342
255,255,2014-01-07,54.66,55.389998999999996,54.459998999999996,55.259997999999996,54.08342,1565400,54.08342,1565400,1.0976911818514443,0.7512170354983565,53.492927333333476,53.163433
256,256,2014-01-08,55.07,55.189999,54.209998999999996,54.32,53.163433,1664900,53.163433,1664900,-1.3619030325040857,0.798965914399651,53.554916333333466,53.848530000000004
257,257,2014-01-09,54.540001000000004,55.360001000000004,54.540001000000004,55.02,53.848530000000004,1413700,53.848530000000004,1413700,0.8800861591476673,0.6784179909825134,53.43094633333346,54.005123
258,258,2014-01-10,55.34,55.48,54.290001000000004,55.18,54.005123,1274300,54.005123,1274300,-0.2891217925551205,0.6115215716976847,53.69846100000013,52.683865000000004
259,259,2014-01-13,54.669998,55.360001000000004,53.639998999999996,53.830002,52.683865000000004,1734300,52.683865000000004,1734300,-1.5364844169191287,0.8322701575730163,53.672362000000135,53.897453000000006
260,260,2014-01-14,54.060001,55.5,53.869999,55.07,53.897453000000006,2135800,53.897453000000006,2135800,1.8682926032502303,1.0249452819837677,53.51250600000014,54.337883
261,261,2014-01-15,55.07,55.77,54.919998,55.52,54.337883,1448800,54.337883,1448800,0.8171418195024566,0.6952620678612615,53.5288136666668,54.210648
262,262,2014-01-16,55.380001,55.619999,55.099998,55.389998999999996,54.210648,1118100,54.210648,1118100,0.018053448572519806,0.5365630301461047,53.63973366666681,54.553192
263,263,2014-01-17,55.27,55.889998999999996,54.509997999999996,55.740002000000004,54.553192,1946300,54.553192,1946300,0.8503745250588038,0.9340064623677342,54.14866133333347,54.709789
264,264,2014-01-21,56.0,56.27,55.41,55.900002,54.709789,1087700,54.709789,1087700,-0.178567857142856,0.5219744279491263,54.36724100000013,55.805946
265,265,2014-01-22,57.080002,57.580002,56.630001,57.02,55.805946,1524500,55.805946,1524500,-0.1051191273609227,0.7315896068846585,54.4912096666668,55.287231000000006
266,266,2014-01-23,56.720001,57.209998999999996,55.849998,56.490002000000004,55.287231000000006,1121900,55.287231000000006,1121900,-0.40549893502293727,0.538386605420727,55.0229756666668,53.54512
267,267,2014-01-24,56.110001000000004,56.18,54.700001,54.709998999999996,53.54512,1651100,53.54512,1651100,-2.495102432808739,0.792343456823391,55.267655333333465,52.987267
268,268,2014-01-27,54.77,54.959998999999996,53.639998999999996,54.139998999999996,52.987267,1539900,52.987267,1539900,-1.1502665692897702,0.7389798856291805,54.87943233333346,53.731079
269,269,2014-01-28,53.970001,55.040001000000004,53.919998,54.900002,53.731079,1067400,53.731079,1067400,1.7231813651439383,0.5122326968768018,53.939872666666794,52.899184999999996
270,270,2014-01-29,54.360001000000004,55.369999,53.880001,54.049999,52.899184999999996,1616000,52.899184999999996,1616000,-0.5702759276991263,0.7754993799446429,53.421155333333466,55.071918000000004
271,271,2014-01-30,54.360001000000004,56.490002000000004,54.200001,56.27,55.071918000000004,1720400,55.071918000000004,1720400,3.513611046475144,0.8255997111737399,53.205843666666794,55.678711
272,272,2014-01-31,55.5,56.98,55.240002000000004,56.889998999999996,55.678711,1839000,55.678711,1839000,2.5045027027026956,0.8825144552711623,53.900727333333464,54.474899
273,273,2014-02-03,56.75,57.349998,55.439999,55.66,54.474899,3445900,54.474899,3445900,-1.9207048458149838,1.653646852321315,54.54993800000013,55.394886
274,274,2014-02-04,55.799999,56.790001000000004,54.830002,56.599998,55.394886,3492200,55.394886,3492200,1.4336899898510744,1.6758656773778973,55.075176000000134,52.077065000000005
275,275,2014-02-05,56.25,56.48,51.650002,53.209998999999996,52.077065000000005,7120400,52.077065000000005,7120400,-5.404446222222229,3.4169961540580664,55.182832000000126,52.45875899999999
276,276,2014-02-06,53.139998999999996,53.889998999999996,52.950001,53.599998,52.45875899999999,2336500,52.45875899999999,2336500,0.8656360719916524,1.121258849777635,53.98228333333346,54.27916
277,277,2014-02-07,54.080002,55.799999,53.84,55.459998999999996,54.27916,2185900,54.27916,2185900,2.551769506221534,1.0489876823149722,53.31023666666679,54.905529
278,278,2014-02-10,55.310001,56.400002,54.91,56.099998,54.905529,2105200,54.905529,2105200,1.4283076942992636,1.0102607021407564,52.938328000000126,56.256149
279,279,2014-02-11,55.91,57.970001,55.880001,57.48,56.256149,2624900,56.256149,2624900,2.8080844213915226,1.2596586153568645,53.88114933333346,56.716145
280,280,2014-02-12,57.73,58.139998999999996,57.360001000000004,57.950001,56.716145,1630700,56.716145,1630700,0.381086090420931,0.7825537369280503,55.14694600000013,58.017826
281,281,2014-02-13,57.619999,59.459998999999996,57.41,59.279999,58.017826,2531000,58.017826,2531000,2.8809441666251967,1.2145971105444873,55.95927433333346,58.898663
282,282,2014-02-14,59.380001,60.279999,58.919998,60.18,58.898663,1839200,58.898663,1839200,1.3472532612453134,0.8826104329171951,56.996706666666796,59.446739
283,283,2014-02-18,60.66,61.43,60.360001000000004,60.740002000000004,59.446739,1838200,59.446739,1838200,0.13188592152985074,0.8821305446870313,57.8775446666668,58.614838
284,284,2014-02-19,60.439999,60.98,59.700001,59.889998999999996,58.614838,1975100,58.614838,1975100,-0.9099933969224656,0.9478272433964506,58.787742666666794,59.388011999999996
285,285,2014-02-20,59.91,60.950001,59.48,60.68,59.388011999999996,1749600,59.388011999999996,1749600,1.285261225171095,0.8396124474945218,58.9867466666668,60.758205000000004
286,286,2014-02-21,60.639998999999996,62.25,60.630001,62.080002,60.758205000000004,2256200,60.758205000000004,2256200,2.374675171086339,1.0827238248954847,59.14986300000013,61.12033100000001
287,287,2014-02-24,62.43,63.07,62.240002000000004,62.450001,61.12033100000001,1831400,61.12033100000001,1831400,0.03203748197981836,0.8788673047219178,59.58701833333347,60.83650600000001
288,288,2014-02-25,62.560001,62.66,61.869999,62.16,60.83650600000001,1301100,60.83650600000001,1301100,-0.6393877775033974,0.6243825762660736,60.42218266666681,60.856079
289,289,2014-02-26,62.18,62.889998999999996,61.82,62.18,60.856079,1078700,60.856079,1078700,0.0,0.5176554338776524,60.90501400000014,59.906734
290,290,2014-02-27,61.959998999999996,62.310001,61.029999,61.209998999999996,59.906734,2017900,59.906734,2017900,-1.2104583797685344,0.9683664596474597,60.93763866666681,60.063324
291,291,2014-02-28,61.419998,62.049999,60.669998,61.369999,60.063324,1718200,60.063324,1718200,-0.08140508242934115,0.8245439570673796,60.53310633333348,59.407593000000006
292,292,2014-03-03,60.59,61.029999,60.080002,60.700001,59.407593000000006,1248700,59.407593000000006,1248700,0.18154976068657683,0.5992364330054923,60.275379000000136,60.542892
293,293,2014-03-04,61.450001,62.169998,61.009997999999996,61.860001000000004,60.542892,1406200,60.542892,1406200,0.6672091022423314,0.6748188292562852,59.79255033333348,59.867580000000004
294,294,2014-03-05,61.939999,61.939999,61.0,61.169998,59.867580000000004,1567400,59.867580000000004,1567400,-1.2431401556851827,0.752176811958684,60.004603000000145,59.378227
295,295,2014-03-06,61.330002,61.669998,60.580002,60.669998,59.378227,1277700,59.378227,1277700,-1.0761519296868776,0.6131531916802415,59.93935500000015,59.084618000000006
296,296,2014-03-07,60.5,61.23,60.16,60.369999,59.084618000000006,1628500,59.084618000000006,1628500,-0.21487768595041326,0.78149798282169,59.92956633333349,59.407593000000006
297,297,2014-03-10,60.43,61.25,60.029999,60.700001,59.407593000000006,1299000,59.407593000000006,1299000,0.4467996028462694,0.6233748109827297,59.443475000000156,58.663768999999995
298,298,2014-03-11,60.790001000000004,60.860001000000004,59.720001,59.939999,58.663768999999995,1022500,58.663768999999995,1022500,-1.3982595591666522,0.49068571534244887,59.290146000000156,58.585480000000004
299,299,2014-03-12,59.540001000000004,60.18,59.27,59.860001000000004,58.585480000000004,1364200,58.585480000000004,1364200,0.5374538035362147,0.6546635235894072,59.051993333333485,57.616554
300,300,2014-03-13,60.139998999999996,60.139998999999996,58.369999,58.869999,57.616554,1405300,57.616554,1405300,-2.1117393101386583,0.6743869298491378,58.88561400000015,58.008038
301,301,2014-03-14,59.279999,59.84,58.91,59.27,58.008038,1258600,58.008038,1258600,-0.01686740919140945,0.6039873264841136,58.28860100000016,58.25271600000001
302,302,2014-03-17,59.5,60.389998999999996,59.48,59.52,58.25271600000001,1097200,58.25271600000001,1097200,0.03361344537815651,0.526533366135682,58.07002400000016,59.123764
303,303,2014-03-18,59.43,60.419998,59.349998,60.41,59.123764,966500,59.123764,966500,1.648998822143693,0.4638119744532781,57.95910266666683,58.419093999999994
304,304,2014-03-19,60.25,60.380001,59.060001,59.689999,58.419093999999994,1136100,58.419093999999994,1136100,-0.9294622406638999,0.5452010182890525,58.461506000000156,58.399513
305,305,2014-03-20,59.439999,59.830002,59.110001000000004,59.669998,58.399513,958000,58.399513,958000,0.3869431424452066,0.4597329244968861,58.598524666666826,57.048904
306,306,2014-03-21,60.299999,60.299999,58.27,58.290001000000004,57.048904,2452700,57.048904,2452700,-3.3333300718628474,1.1770218621226645,58.647457000000145,56.148491
307,307,2014-03-24,59.189999,59.189999,56.919998,57.369999,56.148491,1975600,56.148491,1975600,-3.074843775550664,0.9480671875115325,57.955837000000145,56.637843999999994
308,308,2014-03-25,57.900002,58.689999,57.450001,57.869999,56.637843999999994,1485200,56.637843999999994,1485200,-0.05181865105980595,0.7127299994392226,57.19896933333348,55.375313
309,309,2014-03-26,58.060001,58.259997999999996,56.529999,56.580002,55.375313,1942800,55.375313,1942800,-2.5490853849623587,0.932326853562161,56.611746333333485,55.345955000000004
310,310,2014-03-27,56.52,56.889998999999996,56.02,56.549999,55.345955000000004,1081600,55.345955000000004,1081600,0.05307678697805476,0.5190471097451274,56.05388266666682,54.954468000000006
311,311,2014-03-28,56.419998,57.299999,55.939999,56.150002,54.954468000000006,1029600,54.954468000000006,1029600,-0.4785466316393684,0.4940929217766116,55.78637066666682,55.052338
312,312,2014-03-31,55.889998999999996,56.939999,55.75,56.25,55.052338,2078400,55.052338,2078400,0.6441241840065233,0.9973996975723675,55.22524533333348,55.287231000000006
313,313,2014-04-01,55.91,56.869999,55.91,56.490002000000004,55.287231000000006,2108000,55.287231000000006,2108000,1.0373850831693927,1.011604389185215,55.11758700000015,54.934895
314,314,2014-04-02,56.709998999999996,56.740002000000004,55.849998,56.130001,54.934895,2714500,54.934895,2714500,-1.0227438021996726,1.302656600779538,55.098012333333486,54.269379
315,315,2014-04-03,56.360001000000004,56.779999,55.380001,55.450001,54.269379,1904900,54.269379,1904900,-1.614620269435417,0.9141390896389544,55.09148800000014,52.527271
316,316,2014-04-04,55.669998,55.830002,53.57,53.669998,52.527271,2247600,52.527271,2247600,-3.592599374621856,1.0785967861160763,54.83050166666681,52.116215000000004
317,317,2014-04-07,53.439999,54.119999,53.16,53.25,52.116215000000004,3031800,52.116215000000004,3031800,-0.3555370575512179,1.4549251362105002,53.910515000000146,53.14385600000001
318,318,2014-04-08,53.66,55.040001000000004,52.91,54.299999,53.14385600000001,2645000,53.14385600000001,2645000,1.1926928811032484,1.2693043687831562,52.97095500000015,54.073627
319,319,2014-04-09,54.189999,55.599998,53.779999,55.25,54.073627,2081200,54.073627,2081200,1.9560823391046744,0.998743384616826,52.595780666666826,51.744305
320,320,2014-04-10,55.16,55.32,52.73,52.869999,51.744305,3159700,51.744305,3159700,-4.151560913705578,1.5163028408484458,53.11123266666683,51.000488
321,321,2014-04-11,52.580002,52.98,51.900002,52.110001000000004,51.000488,2709800,51.000488,2709800,-0.893877866341649,1.3004011260977681,52.98726266666682,51.744305
322,322,2014-04-14,52.41,53.139998999999996,51.939999,52.869999,51.744305,1657200,51.744305,1657200,0.8776931883228457,0.79527077502739,52.27280666666682,52.820885
323,323,2014-04-15,53.009997999999996,54.099998,52.91,53.970001,52.820885,3227600,52.820885,3227600,1.8109847881903476,1.5488872516765653,51.49636600000016,52.830666
324,324,2014-04-16,54.43,54.759997999999996,53.389998999999996,53.98,52.830666,1340500,52.830666,1340500,-0.8267499540694522,0.6432901725345259,51.85522600000016,52.850246
325,325,2014-04-17,54.09,54.610001000000004,53.66,54.0,52.850246,1241900,52.850246,1241900,-0.16638935108153707,0.5959731930403788,52.4652853333335,52.957908999999994
326,326,2014-04-21,54.16,54.290001000000004,53.830002,54.110001000000004,52.957908999999994,1539200,52.957908999999994,1539200,-0.0923172082717736,0.7386439638680659,52.8339323333335,52.566418000000006
327,327,2014-04-22,53.990002000000004,54.290001000000004,53.610001000000004,53.709998999999996,52.566418000000006,1792400,52.566418000000006,1792400,-0.5186200956243857,0.860151663745531,52.87960700000016,51.763882
328,328,2014-04-23,53.610001000000004,53.880001,52.880001,52.889998999999996,51.763882,2356300,51.763882,2356300,-1.3430367218236163,1.1307606367348775,52.79152433333349,51.186440000000005
329,329,2014-04-24,53.32,53.91,52.220001,52.299999,51.186440000000005,3391200,51.186440000000005,3391200,-1.9129801200300087,1.6273969661313572,52.42940300000016,48.455841
330,330,2014-04-25,51.669998,51.900002,49.169998,49.509997999999996,48.455841,6410500,48.455841,6410500,-4.1803756214583245,3.0763234994648103,51.838913333333494,48.377544
331,331,2014-04-28,49.900002,50.330002,48.389998999999996,49.43,48.377544,5293200,48.377544,5293200,-0.9418877378000925,2.5401443799028365,50.46872100000016,48.97456
332,332,2014-04-29,49.57,50.73,49.529999,50.040001000000004,48.97456,3542600,48.97456,3542600,0.9481561428283306,1.700052044178151,49.339941666666824,50.207729
333,333,2014-04-30,50.43,51.549999,50.25,51.299999,50.207729,3296200,50.207729,3296200,1.7251616101526868,1.5818075842657995,48.60264833333349,50.100075
334,334,2014-05-01,51.029999,51.549999,50.709998999999996,51.189999,50.100075,2553700,50.100075,2553700,0.31354106042605195,1.2254905733692045,49.18661100000016,50.305603000000005
335,335,2014-05-02,51.310001,52.049999,51.130001,51.400002,50.305603000000005,2607700,50.305603000000005,2607700,0.17540635011876318,1.2514045377980478,49.76078800000016,50.315391999999996
336,336,2014-05-05,50.970001,51.639998999999996,50.52,51.41,50.315391999999996,1997900,50.315391999999996,1997900,0.863250914984273,0.9587686950441845,50.20446900000017,49.082218
337,337,2014-05-06,51.130001,51.450001,50.119999,50.150002,49.082218,2062800,49.082218,2062800,-1.9166809717058277,0.9899134411818128,50.240356666666834,48.436271999999995
338,338,2014-05-07,50.189999,50.490002000000004,48.869999,49.490002000000004,48.436271999999995,2297800,48.436271999999995,2297800,-1.3946941899719827,1.1026871752702974,49.90107100000017,48.583076
339,339,2014-05-08,49.57,50.029999,49.209998999999996,49.639998999999996,48.583076,1929700,48.583076,1929700,0.1412124268710827,0.9260403177470158,49.27796066666684,49.121368
340,340,2014-05-09,49.529999,50.290001000000004,49.360001000000004,50.189999,49.121368,2469200,49.121368,2469200,1.332525768877976,1.1849400179203666,48.70052200000018,50.550278000000006
341,341,2014-05-12,50.459998999999996,52.0,50.290001000000004,51.650002,50.550278000000006,1825800,50.550278000000006,1825800,2.358309598856719,0.8761799306330007,48.71357200000017,50.100075
342,342,2014-05-13,51.740002000000004,52.580002,51.09,51.189999,50.100075,1623900,50.100075,1623900,-1.0630131015456934,0.7792904969629366,49.41824066666683,49.561779
343,343,2014-05-14,51.060001,51.23,50.48,50.639998999999996,49.561779,1474100,49.561779,1474100,-0.8225655929775711,0.7074032400844048,49.92390700000016,49.591145000000004
344,344,2014-05-15,50.48,50.91,49.869999,50.669998,49.591145000000004,2082300,49.591145000000004,2082300,0.3763827258320182,0.9992712616700061,50.070710666666834,49.718379999999996
345,345,2014-05-16,50.950001,50.970001,50.240002000000004,50.799999,49.718379999999996,1574800,49.718379999999996,1574800,-0.2944102003059836,0.7557279848618959,49.750999666666836,50.168579
346,346,2014-05-19,50.66,51.59,50.610001000000004,51.259997999999996,50.168579,1409700,50.168579,1409700,1.1843624161073814,0.6764984380618584,49.62376800000016,50.266453000000006
347,347,2014-05-20,51.099998,51.650002,51.02,51.360001000000004,50.266453000000006,1616800,50.266453000000006,1616800,0.5088121529867862,0.7758832905287739,49.82603466666683,50.530708000000004
348,348,2014-05-21,51.360001000000004,51.799999,51.259997999999996,51.630001,50.530708000000004,1283400,50.530708000000004,1283400,0.5257009243438215,0.615888554592175,50.05113733333349,51.215804999999996
349,349,2014-05-22,51.639998999999996,52.549999,51.310001,52.330002,51.215804999999996,1528800,51.215804999999996,1528800,1.3361793442327612,0.7336531262743627,50.3219133333335,51.988979
350,350,2014-05-23,52.389998999999996,53.240002000000004,52.330002,53.119999,51.988979,1622600,51.988979,1622600,1.393395712796261,0.7786666422637237,50.67098866666683,52.967686
351,351,2014-05-27,53.43,54.16,53.349998,54.119999,52.967686,2146100,52.967686,2146100,1.2914074489986902,1.0298881307544543,51.24516400000016,53.368958
352,352,2014-05-28,54.259997999999996,54.91,53.84,54.529999,53.368958,2432300,53.368958,2432300,0.49760598959108077,1.1672321422273237,52.057490000000165,53.574486
353,353,2014-05-29,54.790001000000004,54.990002000000004,54.560001,54.740002000000004,53.574486,1772200,53.574486,1772200,-0.09125570192999208,0.8504579214962229,52.77520766666683,52.899184999999996
354,354,2014-05-30,54.900002,54.900002,53.990002000000004,54.049999,52.899184999999996,1805800,52.899184999999996,1805800,-1.5482749891338818,0.8665821660297254,53.303710000000166,53.045986
355,355,2014-06-02,54.220001,54.360001000000004,53.700001,54.200001,53.045986,2017200,53.045986,2017200,-0.036886756973691544,0.9680305378863451,53.2808763333335,53.153645
356,356,2014-06-03,53.91,54.490002000000004,53.799999,54.310001,53.153645,1346900,53.153645,1346900,0.7419792246336545,0.646361457207574,53.17321900000017,52.977478000000005
357,357,2014-06-04,54.099998,54.43,53.799999,54.130001,52.977478000000005,1036900,52.977478000000005,1036900,0.055458412401421284,0.4975961058568071,53.03293866666683,52.654499
358,358,2014-06-05,54.27,54.290001000000004,53.66,53.799999,52.654499,1356800,52.654499,1356800,-0.8660420121614214,0.6511123506861952,53.059036333333495,52.879604
359,359,2014-06-06,54.02,54.110001000000004,53.759997999999996,54.029999,52.879604,1322200,52.879604,1322200,0.018509811181031895,0.634508217922529,52.92854066666683,52.615356000000006
360,360,2014-06-09,53.959998999999996,54.040001000000004,53.610001000000004,53.759997999999996,52.615356000000006,1111200,52.615356000000006,1111200,-0.37064678225809516,0.5332518013579748,52.83719366666683,52.214085
361,361,2014-06-10,53.709998999999996,53.900002,53.119999,53.349998,52.214085,897000,52.214085,897000,-0.6702681189772447,0.4304597424568965,52.7164863333335,52.03791
362,362,2014-06-11,53.240002000000004,53.330002,52.900002,53.169998,52.03791,1033900,52.03791,1033900,-0.13148759836636442,0.4961564411663158,52.56968166666684,51.793246999999994
363,363,2014-06-12,53.09,53.25,52.619999,52.919998,51.793246999999994,1195600,51.793246999999994,1195600,-0.32021472970428283,0.5737543679837964,52.289117000000175,51.822601
364,364,2014-06-13,53.099998,53.240002000000004,52.68,52.950001,51.822601,1210300,51.822601,1210300,-0.2824802366282557,0.5808087249672038,52.015080666666826,52.067276
365,365,2014-06-16,52.82,53.48,52.82,53.200001,52.067276,1650700,52.067276,1650700,0.719426353653919,0.7921515015313255,51.88458600000016,51.714946999999995
366,366,2014-06-17,53.150002,53.220001,52.799999,52.84,51.714946999999995,1358700,51.714946999999995,1358700,-0.5832586798397434,0.6520241383235064,51.89437466666683,51.851963
367,367,2014-06-18,52.799999,53.099998,52.279999,52.98,51.851963,1539300,51.851963,1539300,0.3409109913051271,0.7386919526910822,51.86827466666682,51.039635
368,368,2014-06-19,53.310001,53.310001,52.130001,52.150002,51.039635,2128100,51.039635,2128100,-2.1759500623532144,1.0212501426115066,51.87806200000016,51.010269
369,369,2014-06-20,52.34,52.439999,51.799999,52.119999,51.010269,2854600,51.010269,2854600,-0.4203305311425361,1.3698889418254812,51.53551500000017,50.550278000000006
370,370,2014-06-23,52.150002,52.200001,51.400002,51.650002,50.550278000000006,2088000,50.550278000000006,2088000,-0.9587727340835002,1.0020066245819397,51.3006223333335,50.540489
371,371,2014-06-24,51.630001,52.150002,51.310001,51.639998999999996,50.540489,2078700,50.540489,2078700,0.01936471006459201,0.9975436640414166,50.86672733333349,50.9907
372,372,2014-06-25,51.540001000000004,52.27,51.540001000000004,52.099998,50.9907,1387900,50.9907,1387900,1.0865288885035054,0.6660368746442883,50.700345333333495,50.599216
373,373,2014-06-26,51.990002000000004,52.23,51.450001,51.700001,50.599216,2041200,50.599216,2041200,-0.5578014788304946,0.9795478554102754,50.69382233333349,50.178371000000006
374,374,2014-06-27,51.799999,51.970001,51.209998999999996,51.27,50.178371000000006,1388600,50.178371000000006,1388600,-1.023164112416289,0.6663727964054029,50.71013500000017,50.481777
375,375,2014-06-30,51.27,51.75,51.09,51.580002,50.481777,2132700,50.481777,2132700,0.6046459918080694,1.02345762847026,50.589429000000166,50.609001
376,376,2014-07-01,51.669998,51.84,51.52,51.709998999999996,50.609001,1804200,50.609001,1804200,0.07741629871941669,0.8658143448614634,50.41978800000016,50.560062
377,377,2014-07-02,51.599998,51.709998999999996,51.290001000000004,51.66,50.560062,1606300,50.560062,1606300,0.11628295024351983,0.7708444641120544,50.42304966666683,51.235382
378,378,2014-07-03,51.869999,52.380001,51.740002000000004,52.349998,51.235382,992500,51.235382,992500,0.9253884890184775,0.47628906843753593,50.550280000000164,50.863468
379,379,2014-07-07,52.459998999999996,52.560001,51.84,51.970001,50.863468,1113400,50.863468,1113400,-0.934041192032796,0.5343075554643351,50.80148166666683,50.383896
380,380,2014-07-08,51.860001000000004,51.950001,51.310001,51.48,50.383896,2291500,50.383896,2291500,-0.7327439118252371,1.0996638794202656,50.88630400000016,49.845612
381,381,2014-07-09,51.59,51.759997999999996,50.860001000000004,50.93,49.845612,2135300,49.845612,2135300,-1.2793176972281521,1.0247053378686857,50.827582000000156,50.14901
382,382,2014-07-10,50.48,51.400002,50.299999,51.240002000000004,50.14901,1600400,50.14901,1600400,1.5055507131537387,0.7680131235540882,50.36432533333349,50.051136
383,383,2014-07-11,51.290001000000004,51.380001,50.93,51.139998999999996,50.051136,1205000,50.051136,1205000,-0.29245856321977404,0.5782653173473359,50.12617266666683,50.188156
384,384,2014-07-14,51.450001,51.459998999999996,50.700001,51.279999,50.188156,1892300,50.188156,1892300,-0.3304217622852986,0.908092497938891,50.01525266666683,51.773666
385,385,2014-07-15,51.279999,53.400002,51.279999,52.900002,51.773666,4033600,51.773666,4033600,3.159132276894163,1.9356771651885591,50.12943400000015,52.468543999999994
386,386,2014-07-16,52.689999,54.130001,52.689999,53.610001000000004,52.468543999999994,3016800,52.468543999999994,3016800,1.7460657002479802,1.4477268127580438,50.67098600000015,52.047707
387,387,2014-07-17,53.34,53.799999,52.959998999999996,53.18,52.047707,2165900,52.047707,2165900,-0.29996250468692104,1.0393899177116968,51.47678866666681,52.370682
388,388,2014-07-18,52.91,53.529999,52.91,53.509997999999996,52.370682,1804800,52.370682,1804800,1.133997353997353,0.8661022777995616,52.09663900000015,52.938324
389,389,2014-07-21,53.18,54.200001,53.18,54.09,52.938324,2098800,52.938324,2098800,1.7111696126363363,1.0071894174677083,52.295644333333485,53.192791
390,390,2014-07-22,54.209998999999996,54.650002,54.130001,54.349998,53.192791,1829100,53.192791,1829100,0.25825309459976764,0.8777635617925411,52.452237666666825,54.778305
391,391,2014-07-23,54.450001,56.040001000000004,54.389998999999996,55.970001,54.778305,3821200,54.778305,3821200,2.7915518311928094,1.8337489051017757,52.833932333333486,54.455321999999995
392,392,2014-07-24,55.93,56.400002,55.52,55.639998999999996,54.455321999999995,3059500,54.455321999999995,3059500,-0.5185070623994344,1.4682180401860365,53.63647333333349,55.639561
393,393,2014-07-25,55.950001,57.59,55.59,56.849998,55.639561,2409400,55.639561,2409400,1.6085736977913532,1.1562427017565735,54.14213933333349,55.825511999999996
394,394,2014-07-28,56.549999,57.259997999999996,56.049999,57.040001000000004,55.825511999999996,1639200,55.825511999999996,1639200,0.8664933840228787,0.7866327868844423,54.957729333333496,55.854877
395,395,2014-07-29,56.990002000000004,57.490002000000004,56.810001,57.07,55.854877,1346200,55.854877,1346200,0.1403719901606535,0.6460255354464594,55.3067983333335,55.619987
396,396,2014-07-30,57.27,57.48,56.759997999999996,56.830002,55.619987,1756100,55.619987,1756100,-0.7682870612886376,0.8427317209905862,55.77331666666683,54.024696
397,397,2014-07-31,56.610001000000004,56.77,55.16,55.200001,54.024696,2229800,54.024696,2229800,-2.4907259761398053,1.0700547756191614,55.76679200000016,53.280876
398,398,2014-08-01,55.25,55.689999,54.07,54.439999,53.280876,2166900,53.280876,2166900,-1.4660651583710402,1.0398698059418605,55.16652000000016,53.965973
399,399,2014-08-04,54.330002,55.240002000000004,54.099998,55.139998999999996,53.965973,1315200,53.965973,1315200,1.4908834349021294,0.6311490003113827,54.308519666666825,53.183006000000006
400,400,2014-08-05,54.990002000000004,55.130001,54.130001,54.34,53.183006000000006,1338400,53.183006000000006,1338400,-1.1820366909606597,0.642282407251182,53.75718166666682,54.719578000000006
401,401,2014-08-06,57.290001000000004,57.290001000000004,53.650002,55.91,54.719578000000006,4235700,54.719578000000006,4235700,-2.4087990502915284,2.0326625765046558,53.476618333333484,53.828956999999996
402,402,2014-08-07,56.0,56.330002,54.630001,55.0,53.828956999999996,2212000,53.828956999999996,2212000,-1.7857142857142856,1.0615127651222465,53.95618566666682,54.455321999999995
403,403,2014-08-08,55.060001,55.779999,54.98,55.639998999999996,54.455321999999995,1620600,54.455321999999995,1620600,1.0533926434182161,0.7777068658033962,53.91051366666682,55.032764
404,404,2014-08-11,55.91,56.400002,55.48,56.23,55.032764,1709700,55.032764,1709700,0.5723484170989095,0.8204649071109876,54.33461900000015,55.189354
405,405,2014-08-12,56.09,56.419998,56.080002,56.389998999999996,55.189354,1464500,55.189354,1464500,0.5348529149580897,0.7027963130748327,54.43901433333349,55.081699
406,406,2014-08-13,56.459998999999996,56.82,56.200001,56.279999,55.081699,1591600,55.081699,1591600,-0.31880978247980435,0.763790107128647,54.892480000000155,54.61191899999999
407,407,2014-08-14,56.299999,56.540001000000004,55.450001,55.799999,54.61191899999999,1897600,54.61191899999999,1897600,-0.8880994829147332,0.910635905558759,55.10127233333349,54.308521
408,408,2014-08-15,56.189999,56.189999,54.970001,55.490002000000004,54.308521,2016900,54.308521,2016900,-1.2457679524073246,0.967886571417296,54.96099066666682,54.729362
409,409,2014-08-18,55.759997999999996,55.950001,55.419998,55.919998,54.729362,1391400,54.729362,1391400,0.28694405620316504,0.6677164834498615,54.66737966666681,55.12084599999999
410,410,2014-08-19,55.91,56.369999,55.82,56.32,55.12084599999999,1389500,55.12084599999999,1389500,0.7333214094079837,0.6668046958125503,54.54993400000014,55.443821
411,411,2014-08-20,56.02,56.740002000000004,56.009997999999996,56.650002,55.443821,1687800,55.443821,1687800,1.1246019278828945,0.8099553548704012,54.71957633333347,55.375313
412,412,2014-08-21,56.439999,56.709998999999996,56.220001,56.580002,55.375313,882200,55.375313,882200,0.24805634741418067,0.4233573966504728,55.098009666666805,55.355736
413,413,2014-08-22,56.689999,56.790001000000004,56.220001,56.560001,55.355736,895000,55.355736,895000,-0.22931381600483094,0.4294999659965689,55.3133266666668,55.551479
414,414,2014-08-25,56.860001000000004,56.970001,56.540001000000004,56.759997999999996,55.551479,921600,55.551479,921600,-0.1758758322920326,0.44226499291892507,55.39162333333348,55.903816000000006
415,415,2014-08-26,56.889998999999996,57.16,56.66,57.119999,55.903816000000006,859900,55.903816000000006,859900,0.40428898583739475,0.4126558891178208,55.42750933333347,55.78636899999999
416,416,2014-08-27,57.259997999999996,57.259997999999996,56.849998,57.0,55.78636899999999,967200,55.78636899999999,967200,-0.45406568124573804,0.46414789621439273,55.60367700000014,55.78636899999999
417,417,2014-08-28,56.990002000000004,57.189999,56.700001,57.0,55.78636899999999,774700,55.78636899999999,774700,0.0175434280560228,0.3717694119078681,55.747221333333464,56.432311999999996
418,418,2014-08-29,57.25,57.68,57.09,57.66,56.432311999999996,1165400,56.432311999999996,1165400,0.7161572052401687,0.5592617434328507,55.82551800000013,56.823795
419,419,2014-09-02,57.919998,58.07,57.66,58.060001,56.823795,1347600,56.823795,1347600,0.24171789508694408,0.6466973789686886,56.00168333333346,57.65570400000001
420,420,2014-09-03,58.34,59.490002000000004,58.119999,58.91,57.65570400000001,2829400,57.65570400000001,2829400,0.9770311964346814,1.3577957584253544,56.34749200000012,57.733996999999995
421,421,2014-09-04,59.029999,59.59,58.93,58.990002000000004,57.733996999999995,2367600,57.733996999999995,2367600,-0.06775707382273971,1.136183373735728,56.9706036666668,58.203781000000006
422,422,2014-09-05,58.98,59.540001000000004,58.700001,59.470001,58.203781000000006,1387400,58.203781000000006,1387400,0.8307917938284276,0.6657969305292064,57.4044986666668,58.605053000000005
423,423,2014-09-08,59.439999,60.07,59.389998999999996,59.880001,58.605053000000005,1538400,58.605053000000005,1538400,0.7402456382948455,0.7382600532839348,57.86449400000014,58.25271600000001
424,424,2014-09-09,59.740002000000004,59.82,59.400002,59.52,58.25271600000001,1339000,58.25271600000001,1339000,-0.36826580621808636,0.6425703401892803,58.1809436666668,58.340796999999995
425,425,2014-09-10,59.450001,59.91,59.380001,59.610001000000004,58.340796999999995,1246600,58.340796999999995,1246600,0.2691337212929629,0.5982286677221484,58.353850000000136,58.096118999999995
426,426,2014-09-11,59.34,59.669998,59.110001000000004,59.360001000000004,58.096118999999995,1369100,58.096118999999995,1369100,0.03370576339737209,0.6570149759172096,58.39952200000014,57.499106999999995
427,427,2014-09-12,59.279999,59.490002000000004,58.490002000000004,58.75,57.499106999999995,2457600,57.499106999999995,2457600,-0.8940604064450078,1.1793733144504668,58.22987733333347,57.146774
428,428,2014-09-15,58.860001000000004,58.860001000000004,57.689999,58.389998999999996,57.146774,1611300,57.146774,1611300,-0.7985083112723834,0.7732439052628732,57.97867433333346,57.322941
429,429,2014-09-16,58.330002,58.700001,57.869999,58.57,57.322941,1139700,57.322941,1139700,0.41144864010119514,0.5469286159176421,57.58066666666679,57.430599
430,430,2014-09-17,58.740002000000004,59.0,58.130001,58.68,57.430599,1397700,57.430599,1397700,-0.10214844732215761,0.6707397792998933,57.322940666666796,57.665485
431,431,2014-09-18,59.0,59.07,58.049999,58.919998,57.665485,1749800,57.665485,1749800,-0.13559661016949212,0.8397084251405545,57.30010466666679,57.27400600000001
432,432,2014-09-19,59.189999,59.48,58.439999,58.52,57.27400600000001,3239400,57.27400600000001,3239400,-1.1319462938325056,1.5545499327924976,57.47300833333346,57.362095
433,433,2014-09-22,58.34,58.689999,58.060001,58.610001000000004,57.362095,1299500,57.362095,1299500,0.4628059650325687,0.6236147550978116,57.4566966666668,57.234859
434,434,2014-09-23,58.48,59.09,58.32,58.48,57.234859,1133800,57.234859,1133800,0.0,0.5440972753596759,57.43386200000014,57.733996999999995
435,435,2014-09-24,58.419998,59.200001,58.32,58.990002000000004,57.733996999999995,1013000,57.733996999999995,1013000,0.9757001361075096,0.48612677715589314,57.29032000000014,57.254436
436,436,2014-09-25,58.84,58.889998999999996,58.25,58.5,57.254436,2021400,57.254436,2021400,-0.5778382053025211,0.970046068453033,57.443650333333466,57.411021999999996
437,437,2014-09-26,58.169998,58.689999,57.959998999999996,58.66,57.411021999999996,1119100,57.411021999999996,1119100,0.8423620712519141,0.5370429183762685,57.407764000000135,58.419093999999994
438,438,2014-09-29,58.189999,59.720001,58.009997999999996,59.689999,58.419093999999994,1499300,58.419093999999994,1499300,2.5777625464472,0.7194964234845317,57.46648500000014,58.301643000000006
439,439,2014-09-30,59.48,60.139998999999996,59.200001,59.57,58.301643000000006,2291300,58.301643000000006,2291300,0.151311365164767,1.0995679017742328,57.69485066666681,57.136986
440,440,2014-10-01,59.220001,59.459998999999996,58.310001,58.380001,57.136986,1659900,57.136986,1659900,-1.4184396923600244,0.7965664732488322,58.04391966666682,57.88080600000001
441,441,2014-10-02,58.490002000000004,59.490002000000004,58.380001,59.139998999999996,57.88080600000001,1525100,57.88080600000001,1525100,1.1112959100257713,0.7318775398227567,57.95257433333348,58.526756000000006
442,442,2014-10-03,59.400002,60.380001,59.049999,59.799999,58.526756000000006,3001300,58.526756000000006,3001300,0.6733956002223688,1.4402885451905054,57.77314500000015,57.978676
443,443,2014-10-06,59.970001,60.200001,58.82,59.240002000000004,57.978676,1458400,57.978676,1458400,-1.2172736165203655,0.6998689948708336,57.848182666666816,56.804230000000004
444,444,2014-10-07,59.049999,59.130001,58.02,58.040001000000004,56.804230000000004,1281800,56.804230000000004,1281800,-1.7104115446301633,0.6151207334239129,58.12874600000015,57.959103000000006
445,445,2014-10-08,58.029999,59.299999,57.790001000000004,59.220001,57.959103000000006,1515300,57.959103000000006,1515300,2.0506669317709396,0.7271746351671519,57.769887333333486,56.872738
446,446,2014-10-09,59.139998999999996,59.299999,57.93,58.110001000000004,56.872738,1384500,56.872738,1384500,-1.741626678079572,0.6644052546617315,57.580669666666815,56.109348
447,447,2014-10-10,57.919998,58.529999,57.330002,57.330002,56.109348,1635000,56.109348,1635000,-1.018639537936447,0.7846172563177545,57.212023666666816,55.678711
448,448,2014-10-13,57.119999,57.900002,56.470001,56.889998999999996,55.678711,1341500,55.678711,1341500,-0.4026610714751658,0.6437700607646897,56.980396333333466,55.766792
449,449,2014-10-14,57.310001,57.759997999999996,56.709998999999996,56.98,55.766792,1148300,55.766792,1148300,-0.5758174738122982,0.5510556546970504,56.2202656666668,55.81573100000001
450,450,2014-10-15,56.360001000000004,57.400002,55.75,57.029999,55.81573100000001,2536000,55.81573100000001,2536000,1.1887828036056858,1.216996551695306,55.85161700000014,55.443821
451,451,2014-10-16,56.169998,57.189999,55.779999,56.650002,55.443821,2149500,55.443821,2149500,0.8545558431388959,1.031519750737011,55.7537446666668,55.972324
452,452,2014-10-17,56.889998999999996,57.5,56.169998,57.189999,55.972324,1940700,55.972324,1940700,0.5273334597879045,0.9313190882788172,55.67544800000014,57.078262
453,453,2014-10-20,56.959998999999996,58.34,56.880001,58.32,57.078262,1305600,57.078262,1305600,2.3876422469740635,0.6265420733018106,55.7439586666668,57.919952
454,454,2014-10-21,58.509997999999996,59.389998999999996,58.23,59.18,57.919952,1881500,57.919952,1881500,1.1451068584893882,0.9029097050531223,56.16480233333346,57.058693000000005
455,455,2014-10-22,59.16,59.400002,58.240002000000004,58.299999,57.058693000000005,2003700,57.058693000000005,2003700,-1.4536866125760597,0.9615520467791343,56.99017933333346,58.428883
456,456,2014-10-23,58.869999,60.279999,58.630001,59.700001,58.428883,2752400,58.428883,2752400,1.4098896111752957,1.3208443647027446,57.352302333333455,59.818649
457,457,2014-10-24,60.209998999999996,61.169998,59.16,61.119999,59.818649,2461800,59.818649,2461800,1.5113768728014823,1.1813888450171546,57.802509333333454,61.296501
458,458,2014-10-27,61.139998999999996,62.740002000000004,60.919998,62.630001,61.296501,2255500,61.296501,2255500,2.4370330787869396,1.0823879031343702,58.43540833333345,61.96202099999999
459,459,2014-10-28,62.610001000000004,63.419998,62.369999,63.310001,61.96202099999999,1714200,61.96202099999999,1714200,1.1180322453596443,0.8226244041467246,59.84801100000012,60.963737
460,460,2014-10-29,63.330002,63.389998999999996,61.549999,62.290001000000004,60.963737,2271700,60.963737,2271700,-1.642193221468707,1.090162092463023,61.025723666666785,61.316070999999994
461,461,2014-10-30,62.259997999999996,62.73,61.84,62.650002,61.316070999999994,1505300,61.316070999999994,1505300,0.6264118415166103,0.7223757528655143,61.40741966666679,61.991383
462,462,2014-10-31,63.889998999999996,63.889998999999996,62.98,63.34,61.991383,2126500,61.991383,2126500,-0.8608530421169557,1.0204823214432446,61.413943000000124,61.913081999999996
463,463,2014-11-03,63.32,63.75,63.049999,63.259997999999996,61.913081999999996,1582500,61.913081999999996,1582500,-0.09475994946305169,0.7594231242341568,61.42373033333346,62.128395
464,464,2014-11-04,63.200001,63.889998999999996,63.110001000000004,63.48,62.128395,1318200,62.128395,1318200,0.44303638539498846,0.6325886650018739,61.74017866666679,61.854362
465,465,2014-11-05,63.560001,63.560001,62.830002,63.200001,61.854362,1049400,61.854362,1049400,-0.5663939495532724,0.5035947087338541,62.01095333333347,62.519886
466,466,2014-11-06,63.52,63.950001,63.259997999999996,63.880001,62.519886,1094200,62.519886,1094200,0.5667522040302218,0.5250937014451907,61.96527966666681,61.668404
467,467,2014-11-07,63.939999,63.959998999999996,62.700001,63.009997999999996,61.668404,1695900,61.668404,1695900,-1.454490169760566,0.8138424495347277,62.1675476666668,62.069672
468,468,2014-11-10,62.970001,63.439999,62.529999,63.419998,62.069672,1304500,62.069672,1304500,0.7146212368648306,0.6260141962486304,62.01421733333348,61.717342
469,469,2014-11-11,63.240002000000004,63.689999,62.779999,63.060001,61.717342,961600,61.717342,961600,-0.28463155330071666,0.46146052212547567,62.08598733333347,62.461163
470,470,2014-11-12,62.91,63.93,62.66,63.82,62.461163,1177900,62.461163,1177900,1.4465108885709803,0.5652603463098979,61.8184726666668,63.156043999999994
471,471,2014-11-13,63.66,64.620003,63.66,64.529999,63.156043999999994,1679500,63.156043999999994,1679500,1.3666336789192697,0.8059722825600419,62.082725666666796,62.940723
472,472,2014-11-14,64.540001,64.559998,63.93,64.309998,62.940723,974900,62.940723,974900,-0.35637278654521654,0.4678430355866537,62.444849666666805,62.774349
473,473,2014-11-17,64.300003,64.75,64.019997,64.139999,62.774349,880700,62.774349,880700,-0.2488398017648626,0.42263756430522714,62.85264333333347,62.930939
474,474,2014-11-18,64.139999,64.629997,64.050003,64.300003,62.930939,893400,62.930939,893400,0.24946055892517352,0.4287321448283069,62.9570386666668,62.216480000000004
475,475,2014-11-19,64.290001,64.32,63.439999,63.57,62.216480000000004,1109400,62.216480000000004,1109400,-1.11992687634272,0.53238800254368,62.8820036666668,62.001167
476,476,2014-11-20,63.580002,63.82,63.009997999999996,63.349998,62.001167,1010000,62.001167,1010000,-0.3617552575729724,0.4846871124654018,62.64058933333346,62.245842
477,477,2014-11-21,64.470001,64.5,63.5,63.599998,62.245842,1674700,62.245842,1674700,-1.3494694997755576,0.8036688190552559,62.38286200000013,62.803706999999996
478,478,2014-11-24,63.810001,64.199997,63.32,64.16999799999999,62.803706999999996,934300,62.803706999999996,934300,0.5641701839183372,0.4483595734420049,62.15449633333347,61.668404
479,479,2014-11-25,64.139999,64.660004,62.959998999999996,63.009997999999996,61.668404,2306800,61.668404,2306800,-1.761772712219729,1.1070061693417712,62.350238666666804,62.343716
480,480,2014-11-26,63.360001000000004,64.029999,63.07,63.700001,62.343716,1306600,62.343716,1306600,0.5366161531468352,0.6270219615319743,62.23931766666681,63.028812
481,481,2014-11-28,64.089996,64.730003,63.669998,64.400002,63.028812,593800,63.028812,593800,0.4837041962056002,0.28495763107124317,62.27194233333347,62.940723
482,482,2014-12-01,64.480003,64.629997,64.110001,64.309998,62.940723,1131600,62.940723,1131600,-0.26365538475549277,0.5430415212533155,62.34697733333348,63.028812
483,483,2014-12-02,64.370003,64.68,64.150002,64.400002,63.028812,780400,63.028812,780400,0.046604005906297166,0.3745047748198016,62.771083666666804,62.872215000000004
484,484,2014-12-03,64.16999799999999,64.370003,63.619999,64.239998,62.872215000000004,785300,62.872215000000004,785300,0.10908524572496854,0.37685622714760403,62.99944900000013,62.519886
485,485,2014-12-04,64.059998,64.58000200000001,63.580002,63.880001,62.519886,605700,62.519886,605700,-0.2809819007487217,0.290668301010192,62.94725000000013,62.676472
486,486,2014-12-05,64.110001,64.43,63.849998,64.040001,62.676472,759600,62.676472,759600,-0.10918733256608931,0.36452309963239526,62.806971000000125,62.607971
487,487,2014-12-08,63.860001000000004,65.360001,63.459998999999996,63.970001,62.607971,1091500,62.607971,1091500,0.17225179811694558,0.5237980032237486,62.68952433333345,62.842854
488,488,2014-12-09,63.310001,64.470001,62.919998,64.209999,62.842854,835200,62.842854,835200,1.421573188728897,0.40080264983277586,62.60144300000011,61.198624
489,489,2014-12-10,63.84,64.129997,62.349998,62.529999,61.198624,853900,61.198624,853900,-2.052006578947379,0.40977655973683824,62.709099000000116,61.981593999999994
490,490,2014-12-11,65.32,65.32,62.919998,63.330002,61.981593999999994,1093800,61.981593999999994,1093800,-3.046537048377209,0.5249017461531252,62.21648300000012,60.131831999999996
491,491,2014-12-12,62.490002000000004,63.240002000000004,61.400002,61.439999,60.131831999999996,1431500,60.131831999999996,1431500,-1.6802735900056522,0.6869600014794285,62.00769066666678,60.278648
492,492,2014-12-15,61.740002000000004,62.130001,60.700001,61.59,60.278648,1263500,60.278648,1263500,-0.24295755610762795,0.606338778811916,61.10401666666678,59.671841
493,493,2014-12-16,61.57,62.290001000000004,60.889998999999996,60.970001,59.671841,1282700,59.671841,1282700,-0.9744989442910458,0.6155526328310603,60.797358000000116,61.090968999999994
494,494,2014-12-17,60.990002000000004,62.610001000000004,60.779999,62.419998,61.090968999999994,1356700,61.090968999999994,1356700,2.3446400280491804,0.6510643618631788,60.02744033333345,62.373077
495,495,2014-12-18,63.360001000000004,63.759997999999996,63.029999,63.73,62.373077,1660300,62.373077,1660300,0.5839630589652183,0.7967584285408977,60.34715266666678,62.999446999999996
496,496,2014-12-19,63.610001000000004,64.650002,63.610001000000004,64.370003,62.999446999999996,2378000,62.999446999999996,2378000,1.1947838202360552,1.1411742113294312,61.04529566666678,63.655190000000005
497,497,2014-12-22,64.269997,65.139999,64.059998,65.040001,63.655190000000005,911300,63.655190000000005,911300,1.1980769191571614,0.4373221441482383,62.15449766666678,63.919433999999995
498,498,2014-12-23,65.220001,65.459999,64.809998,65.309998,63.919433999999995,913100,63.919433999999995,913100,0.1379898782890187,0.4381859429625331,63.00923800000012,63.713898
499,499,2014-12-24,65.529999,65.91999799999999,63.110001000000004,65.099998,63.713898,428900,63.713898,428900,-0.6561895415258655,0.20582406191723845,63.524690333333446,64.310913
500,500,2014-12-26,65.16999799999999,66.160004,64.879997,65.709999,64.310913,663200,64.310913,663200,0.8286036774161075,0.3182618742446084,63.76284066666678,64.692612
501,501,2014-12-29,65.57,66.449997,65.43,66.099998,64.692612,1016200,64.692612,1016200,0.8082934268720545,0.4876624194924172,63.98141500000011,64.105377
502,502,2014-12-30,65.809998,66.059998,65.269997,65.5,64.105377,1315700,64.105377,1315700,-0.47105000671781383,0.6313889444264645,64.2391410000001,63.283279
503,503,2014-12-31,65.529999,65.900002,64.620003,64.660004,63.283279,960700,63.283279,960700,-1.3276285873283822,0.46102862271832823,64.3696340000001,63.645393000000006
504,504,2015-01-02,64.91999799999999,65.379997,64.43,65.029999,63.645393000000006,1183900,63.645393000000006,1183900,0.16944085549727086,0.5681396756908804,64.02708933333345,62.803706999999996
505,505,2015-01-05,64.610001,65.410004,64.040001,64.16999799999999,62.803706999999996,1228800,62.803706999999996,1228800,-0.6810137644170666,0.5896866572252334,63.67801633333345,62.167549
506,506,2015-01-06,64.120003,64.720001,63.189999,63.52,62.167549,1157100,62.167549,1157100,-0.9357501121763732,0.5552786711224915,63.24412633333345,62.823280000000004
507,507,2015-01-07,63.830002,64.360001,63.189999,64.190002,62.823280000000004,976700,62.823280000000004,976700,0.5639981023343952,0.46870683440094846,62.872216333333455,64.203262
508,508,2015-01-08,64.860001,65.720001,64.510002,65.599998,64.203262,948300,64.203262,948300,1.1409142593136907,0.4550780086642976,62.59817866666679,63.567097
509,509,2015-01-09,65.480003,65.779999,64.900002,64.949997,63.567097,1161400,63.567097,1161400,-0.8094165786766996,0.5573421905121957,63.064697000000116,63.410511
510,510,2015-01-12,64.970001,65.5,64.43,64.790001,63.410511,849300,63.410511,849300,-0.2770509423264325,0.40756907387808494,63.531213000000115,63.880280000000006
511,511,2015-01-13,65.519997,66.360001,64.610001,65.269997,63.880280000000006,1305300,63.880280000000006,1305300,-0.38156289903371027,0.6263981068327614,63.72695666666677,63.302856000000006
512,512,2015-01-14,64.58000200000001,65.489998,64.279999,64.68,63.302856000000006,1025600,63.302856000000006,1025600,0.15484360003581193,0.49217336885595653,63.619296000000105,62.705833
513,513,2015-01-15,64.800003,65.029999,63.970001,64.07,62.705833,905700,62.705833,905700,-1.1265477873511989,0.4346347700593212,63.531215666666775,64.193474
514,514,2015-01-16,64.139999,65.709999,63.84,65.589996,64.193474,1250800,64.193474,1250800,2.260675120995864,0.6002441982888362,63.29632300000011,63.586678000000006
515,515,2015-01-20,65.199997,65.739998,64.029999,64.970001,63.586678000000006,1634000,63.586678000000006,1634000,-0.3527546174580344,0.7841373680875907,63.4007210000001,64.164108
516,516,2015-01-21,64.989998,65.690002,64.510002,65.559998,64.164108,1371700,64.164108,1371700,0.8770580359149929,0.6582626853156354,63.49532833333344,65.73983
517,517,2015-01-22,65.889999,67.199997,64.870003,67.16999799999999,65.73983,1446500,65.73983,1446500,1.942630170627244,0.6941583249318849,63.98142000000011,65.78875699999999
518,518,2015-01-23,67.160004,67.910004,66.690002,67.220001,65.78875699999999,1037600,65.78875699999999,1037600,0.08933441993242829,0.4979320276179217,64.49687200000011,66.669609
519,519,2015-01-26,67.16999799999999,68.32,66.809998,68.120003,66.669609,1246900,66.669609,1246900,1.4143293557936456,0.5983726341911976,65.23089833333343,66.092171
520,520,2015-01-27,68.370003,68.370003,66.5,67.529999,66.092171,1467200,66.092171,1467200,-1.2286148356611792,0.7040920112962749,66.06606533333343,65.44622
521,521,2015-01-28,67.809998,68.129997,66.75,66.870003,65.44622,1507400,65.44622,1507400,-1.386218887663138,0.7233835181488582,66.18351233333344,65.847473
522,522,2015-01-29,66.779999,67.41999799999999,66.019997,67.279999,65.847473,1122100,65.847473,1122100,0.748727175033351,0.5384825830667598,66.06933333333343,64.937286
523,523,2015-01-30,66.75,67.16999799999999,65.940002,66.349998,64.937286,1796600,64.937286,1796600,-0.5992539325842706,0.8621671943122188,65.7952880000001,65.30920400000001
524,524,2015-02-02,66.910004,67.010002,65.050003,66.730003,65.30920400000001,1273400,65.30920400000001,1273400,-0.2690195624558688,0.6110896722905373,65.41032633333343,65.8377
525,525,2015-02-03,66.809998,67.459999,66.599998,67.269997,65.8377,1660700,65.8377,1660700,0.6885182065115621,0.7969503838329632,65.36465433333343,65.358131
526,526,2015-02-04,67.470001,67.599998,66.540001,66.779999,65.358131,1402600,65.358131,1402600,-1.022679694342961,0.6730912316276957,65.36139666666678,65.583237
527,527,2015-02-05,67.160004,67.260002,66.480003,67.010002,65.583237,1851000,65.583237,1851000,-0.2233501951548434,0.8882731140331275,65.50167833333344,66.27813
528,528,2015-02-06,67.129997,68.400002,66.940002,67.720001,66.27813,1612700,66.27813,1612700,0.8788977005316911,0.7739157487851025,65.59302266666676,65.44622
529,529,2015-02-09,67.489998,67.699997,66.459999,66.870003,65.44622,1614500,65.44622,1614500,-0.9186472342168436,0.7747795475993973,65.73983266666677,65.974724
530,530,2015-02-10,66.959999,67.529999,66.389999,67.410004,65.974724,3414900,65.974724,3414900,0.672050487933855,1.6387703171862382,65.76919566666676,66.26831800000001
531,531,2015-02-11,66.709999,67.83000200000001,66.559998,67.709999,66.26831800000001,2723100,66.26831800000001,2723100,1.4990256558091088,1.3067836395589463,65.89969133333342,68.343216
532,532,2015-02-12,68.279999,69.879997,67.849998,69.83000200000001,68.343216,2102500,68.343216,2102500,2.270068867458542,1.008965003919314,65.89642066666677,69.468712
533,533,2015-02-13,69.889999,71.239998,69.690002,70.980003,69.468712,2450400,69.468712,2450400,1.55959939275431,1.1759181191932877,66.8620860000001,68.2649
534,534,2015-02-17,71.050003,71.220001,69.360001,69.75,68.2649,2564400,68.2649,2564400,-1.8297015413215447,1.2306253774319569,68.02674866666678,69.096802
535,535,2015-02-18,69.730003,70.620003,69.5,70.599998,69.096802,1260000,69.096802,1260000,1.2476623584829087,0.6046591700063428,68.6922760000001,69.74276
536,536,2015-02-19,70.32,71.349998,70.260002,71.260002,69.74276,1248000,69.74276,1248000,1.336749146757689,0.5989005112443777,68.94347133333345,70.545296
537,537,2015-02-20,71.190002,72.099998,70.93,72.08000200000001,70.545296,1655500,70.545296,1655500,1.2501755513365493,0.7944549650361116,69.03482066666679,71.524002
538,538,2015-02-23,72.190002,73.120003,72.099998,73.08000200000001,71.524002,2233200,71.524002,2233200,1.232857702372692,1.0716863956017182,69.79495266666679,71.230385
539,539,2015-02-24,73.120003,73.199997,72.110001,72.779999,71.230385,1818600,71.230385,1818600,-0.4649945104624699,0.8727247353758215,70.60401933333345,71.142303
540,540,2015-02-25,72.82,73.239998,72.529999,72.690002,71.142303,1327300,71.142303,1327300,-0.17851963746221683,0.6369556478963642,71.09989433333344,71.230385
541,541,2015-02-26,72.449997,72.940002,72.150002,72.779999,71.230385,1082300,71.230385,1082300,0.4554893218284156,0.519383031506242,71.29889666666678,70.525711
542,542,2015-02-27,72.43,72.75,72.019997,72.059998,70.525711,1199100,70.525711,1199100,-0.5108408118183262,0.5754339767893696,71.20102433333345,70.83890500000001
543,543,2015-03-02,72.160004,72.739998,71.290001,72.379997,70.83890500000001,1505300,70.83890500000001,1505300,0.30486833121572765,0.7223757528655143,70.96613300000011,70.388695
544,544,2015-03-03,71.589996,71.970001,71.489998,71.91999799999999,70.388695,1279100,70.388695,1279100,0.4609610538321489,0.6138250352024708,70.86500033333344,70.369125
545,545,2015-03-04,71.370003,72.029999,71.199997,71.900002,70.369125,1586900,70.369125,1586900,0.7426075069662021,0.7615346324468774,70.58443700000011,70.96614100000001
546,546,2015-03-05,71.959999,72.589996,71.839996,72.510002,70.96614100000001,1139800,70.96614100000001,1139800,0.7643176871083668,0.5469766047406585,70.53224166666678,68.48021700000001
547,547,2015-03-06,72.25,72.25,69.68,69.970001,68.48021700000001,1953800,68.48021700000001,1953800,-3.155707958477514,0.9376056240939624,70.57465366666678,68.607445
548,548,2015-03-09,70.139999,70.470001,69.629997,70.099998,68.607445,1660800,68.607445,1660800,-0.057030226076854845,0.7969983726559796,69.93849433333344,68.14746099999999
549,549,2015-03-10,69.440002,70.08000200000001,69.199997,69.629997,68.14746099999999,1382000,68.14746099999999,1382000,0.27361030317942114,0.6632055340863221,69.35126766666677,68.206177
550,550,2015-03-11,69.540001,70.050003,69.41999799999999,69.690002,68.206177,1026100,68.206177,1026100,0.21570462732665643,0.4924133129710384,68.41170766666676,69.4002
551,551,2015-03-12,70.08000200000001,70.93,69.699997,70.910004,69.4002,862800,69.4002,862800,1.1843635506745465,0.41404756498529577,68.32036100000009,68.881485
552,552,2015-03-13,70.629997,70.989998,70.07,70.379997,68.881485,1196900,68.881485,1196900,-0.3539572569994587,0.5743782226830093,68.58461266666677,70.046143
553,553,2015-03-16,70.879997,71.629997,70.879997,71.57,70.046143,1393200,70.046143,1393200,0.9734805716766468,0.6685802822641562,68.82928733333344,69.84060699999999
554,554,2015-03-17,71.400002,71.559998,70.75,71.360001,69.84060699999999,903200,69.84060699999999,903200,-0.05602380795452041,0.4334350494839118,69.44260933333344,70.114655
555,555,2015-03-18,71.040001,72.18,70.099998,71.639999,70.114655,1812200,70.114655,1812200,0.8445917673903177,0.8696534507027734,69.58941166666678,72.248245
556,556,2015-03-19,72.589996,74.610001,72.370003,73.82,72.248245,2946700,72.248245,2946700,1.694453874883798,1.4140866478235639,70.00046833333344,72.160156
557,557,2015-03-20,74.489998,74.83000200000001,73.559998,73.730003,72.160156,2901100,72.160156,2901100,-1.0202644924221955,1.3922037445280964,70.73450233333344,72.492912
558,558,2015-03-23,73.83000200000001,74.43,73.260002,74.07,72.492912,1663900,72.492912,1663900,0.32506839157336836,0.7984860261694873,71.50768533333344,72.39505
559,559,2015-03-24,74.139999,74.620003,73.849998,73.970001,72.39505,859800,72.39505,859800,-0.22929323211888197,0.41260790029480443,72.30043766666678,70.760605
560,560,2015-03-25,74.010002,74.230003,72.290001,72.300003,70.760605,1417800,70.760605,1417800,-2.310497167666603,0.6803855327261848,72.34937266666678,70.78997
561,561,2015-03-26,71.620003,72.83000200000001,71.5,72.33000200000001,70.78997,1663700,70.78997,1663700,0.9913417624403207,0.7983900485234545,71.88285566666677,71.71974200000001
562,562,2015-03-27,72.339996,73.599998,72.290001,73.279999,71.71974200000001,985300,71.71974200000001,985300,1.2994236272835906,0.47283387318035686,71.31520833333344,72.532066
563,563,2015-03-30,73.82,74.599998,73.5,74.110001,72.532066,923000,72.532066,923000,0.39284882145760464,0.44293683644115434,71.09010566666679,71.700165
564,564,2015-03-31,73.68,74.150002,73.260002,73.260002,71.700165,1622100,71.700165,1622100,-0.5700298588490862,0.7784266981486418,71.68059266666678,71.44569399999999
565,565,2015-04-01,73.269997,73.269997,71.940002,73.0,71.44569399999999,1817000,71.44569399999999,1817000,-0.3684959888834219,0.8719569142075595,71.98399100000012,71.22058100000001
566,566,2015-04-02,73.190002,73.58000200000001,72.370003,72.769997,71.22058100000001,992000,71.22058100000001,992000,-0.5738557023130061,0.47604912432245405,71.89264166666679,71.837189
567,567,2015-04-06,72.239998,73.690002,71.709999,73.400002,71.837189,1180900,71.837189,1180900,1.6057641640577018,0.5667000110003891,71.45548000000012,70.90741
568,568,2015-04-07,73.18,73.650002,72.449997,72.449997,70.90741,980200,70.90741,980200,-0.9975444110412824,0.4703864432065217,71.50115466666678,71.661026
569,569,2015-04-08,72.610001,73.370003,72.610001,73.220001,71.661026,1444900,71.661026,1444900,0.8401046572083086,0.6933905037636229,71.32172666666678,72.796318
570,570,2015-04-09,73.300003,74.410004,72.989998,74.379997,72.796318,1327000,72.796318,1327000,1.4733887527944565,0.636811681427315,71.46854166666677,73.403114
571,571,2015-04-10,74.489998,75.120003,74.010002,75.0,73.403114,1616000,73.403114,1616000,0.6846583617843567,0.7754993799446429,71.78825133333343,72.943123
572,572,2015-04-13,74.82,75.720001,74.300003,74.529999,72.943123,1141900,72.943123,1141900,-0.38759823576582403,0.5479843700240024,72.62015266666677,72.111221
573,573,2015-04-14,74.230003,74.650002,73.43,73.68,72.111221,1184400,72.111221,1184400,-0.7409443321725173,0.5683796198059623,73.04751833333343,71.426125
574,574,2015-04-15,74.08000200000001,74.410004,72.910004,72.980003,71.426125,1514700,71.426125,1514700,-1.4848798195226978,0.7268867022290536,72.81915266666677,71.318474
575,575,2015-04-16,72.150002,73.16999799999999,72.139999,72.870003,71.318474,1388300,71.318474,1388300,0.9979223562599435,0.6662288299363538,72.16015633333343,70.281036
576,576,2015-04-17,72.139999,72.5,71.230003,71.809998,70.281036,1645000,70.281036,1645000,-0.45744525169734196,0.7894161386193921,71.61860666666676,70.173386
577,577,2015-04-20,71.75,72.160004,71.559998,71.699997,70.173386,1522900,70.173386,1522900,-0.06969059233450006,0.7308217857163964,71.0085450000001,70.68231999999999
578,578,2015-04-21,72.199997,72.589996,71.839996,72.220001,70.68231999999999,1317700,70.68231999999999,1317700,0.027706372342370226,0.6323487208867921,70.59096533333343,70.868263
579,579,2015-04-22,72.43,72.529999,71.709999,72.410004,70.868263,981100,70.868263,981100,-0.02760734502278906,0.47081834261366906,70.37891400000011,71.494644
580,580,2015-04-23,72.43,73.260002,72.260002,73.050003,71.494644,1217900,71.494644,1217900,0.8560030374154313,0.5844558755164484,70.57465633333344,71.758881
581,581,2015-04-24,73.18,73.470001,72.529999,73.32,71.758881,1099400,71.758881,1099400,0.19130910084720734,0.5275891202420423,71.01507566666679,71.504425
582,582,2015-04-27,73.75,74.440002,72.910004,73.059998,71.504425,1411100,71.504425,1411100,-0.9355959322033992,0.6771702815840877,71.37392933333346,71.572929
583,583,2015-04-28,72.959999,73.5,72.16999799999999,73.129997,71.572929,1493200,71.572929,1493200,0.23300164793040468,0.7165691052805326,71.58598333333344,71.47506700000001
584,584,2015-04-29,72.800003,73.5,72.25,73.029999,71.47506700000001,989900,71.47506700000001,989900,0.3159285584095372,0.47504135903911016,71.61207833333344,70.281036
585,585,2015-04-30,73.010002,73.459999,71.540001,71.809998,70.281036,1702500,70.281036,1702500,-1.6436158979971087,0.8170097118538086,71.51747366666679,70.574646
586,586,2015-05-01,72.32,72.870003,71.57,72.110001,70.574646,1274000,70.574646,1274000,-0.2903747234513223,0.6113776052286356,71.10967733333345,71.504425
587,587,2015-05-04,72.300003,73.18,72.279999,73.059998,71.504425,1442000,71.504425,1442000,1.0511686977384902,0.691998827896148,70.77691633333346,70.545296
588,588,2015-05-05,72.519997,72.949997,71.860001,72.08000200000001,70.545296,1352900,70.545296,1352900,-0.6067223086068193,0.6492407865885566,70.78670233333345,69.341484
589,589,2015-05-06,71.68,72.459999,70.57,70.849998,69.341484,2231100,69.341484,2231100,-1.157926897321439,1.0706786303183742,70.87478900000012,69.732956
590,590,2015-05-07,71.07,71.660004,70.660004,71.25,69.732956,1945200,69.732956,1945200,0.2532714225411662,0.9334785853145541,70.46373500000013,66.57173900000001
591,591,2015-05-08,70.889999,70.940002,67.57,68.019997,66.57173900000001,8342700,66.57173900000001,8342700,-4.048528763556618,4.003563537787236,69.87324533333347,66.65004
592,592,2015-05-11,67.66999799999999,68.610001,66.91999799999999,68.099998,66.65004,3503700,66.65004,3503700,0.6354366967766231,1.6813843920247806,68.54872633333348,65.80834200000001
593,593,2015-05-12,67.779999,67.989998,66.949997,67.239998,65.80834200000001,2075000,65.80834200000001,2075000,-0.7966966774372536,0.9957680775898107,67.65157833333348,65.8377
594,594,2015-05-13,67.459999,67.93,67.139999,67.269997,65.8377,1837300,65.8377,1837300,-0.28165135312260037,0.881698645279884,66.3433736666668,66.689171
595,595,2015-05-14,67.870003,68.209999,67.389999,68.139999,66.689171,4797300,66.689171,4797300,0.39781344933785573,2.302167806564626,66.09869400000012,65.906212
596,596,2015-05-15,68.199997,68.339996,67.25,67.339996,65.906212,1921700,65.906212,1921700,-1.2609985891934818,0.9222012119057056,66.1117376666668,66.806625
597,597,2015-05-18,67.300003,68.360001,67.059998,68.260002,66.806625,1305700,66.806625,1305700,1.4264471875283515,0.6265900621248269,66.14436100000013,67.041519
598,598,2015-05-19,68.190002,68.860001,68.120003,68.5,67.041519,2107600,67.041519,2107600,0.45460916689809316,1.0114124338931494,66.46733600000015,66.738106
599,599,2015-05-20,68.459999,68.809998,68.129997,68.190002,66.738106,1232700,66.738106,1232700,-0.39438650882830045,0.5915582213228722,66.58478533333347,66.385773
600,600,2015-05-21,68.07,68.25,67.519997,67.83000200000001,66.385773,1935400,66.385773,1935400,-0.3525752901424794,0.9287756806589492,66.86208333333349,66.87514499999999
601,601,2015-05-22,67.660004,68.75,67.370003,68.33000200000001,66.87514499999999,2064000,66.87514499999999,2064000,0.9902423298704013,0.9904893070580093,66.7217993333335,66.336853
602,602,2015-05-26,67.900002,68.099998,67.33000200000001,67.779999,66.336853,1597600,66.336853,1597600,-0.1767348990652415,0.7666694365096297,66.66634133333349,67.01213800000001
603,603,2015-05-27,67.879997,68.739998,67.620003,68.470001,67.01213800000001,1987300,67.01213800000001,1987300,0.8691868386499683,0.9536818798044485,66.53259033333349,66.87514499999999
604,604,2015-05-28,68.470001,68.720001,68.290001,68.33000200000001,66.87514499999999,1709800,66.87514499999999,1709800,-0.20446764707946896,0.820512895934004,66.74137866666682,65.857285
605,605,2015-05-29,67.91999799999999,68.41999799999999,67.25,67.290001,65.857285,2093100,65.857285,2093100,-0.9275574478079178,1.0044540545557747,66.74137866666683,66.366196
606,606,2015-06-01,67.66999799999999,67.980003,67.160004,67.809998,66.366196,1880500,66.366196,1880500,0.20688636639238644,0.9024298168229585,66.58152266666683,65.71048
607,607,2015-06-02,67.269997,67.699997,67.089996,67.139999,65.71048,1740900,65.71048,1740900,-0.19324811327106273,0.8354374198920971,66.36620866666682,66.307487
608,608,2015-06-03,67.269997,67.83000200000001,67.07,67.75,66.307487,1683200,66.307487,1683200,0.7135469323716431,0.8077478690116479,65.97798700000017,65.632172
609,609,2015-06-04,67.370003,67.720001,66.660004,67.059998,65.632172,1951200,65.632172,1951200,-0.4601528665510136,0.9363579146955366,66.12805433333351,64.829628
610,610,2015-06-05,67.010002,67.18,65.980003,66.239998,64.829628,2847900,64.829628,2847900,-1.1490881614956527,1.366673690683384,65.88337966666683,64.682816
611,611,2015-06-08,66.059998,66.5,65.989998,66.089996,64.682816,2211700,64.682816,2211700,0.045410234496232035,1.0613687986531972,65.5897623333335,64.369637
612,612,2015-06-09,66.239998,66.389999,65.66999799999999,65.769997,64.369637,1422000,64.369637,1422000,-0.7095425938871501,0.6824010632928726,65.0482053333335,65.73983
613,613,2015-06-10,66.0,67.33000200000001,65.790001,67.16999799999999,65.73983,1810700,65.73983,1810700,1.772724242424231,0.8689336183575278,64.6273603333335,66.42491899999999
614,614,2015-06-11,67.449997,68.089996,67.260002,67.870003,66.42491899999999,1775900,66.42491899999999,1775900,0.6226923924103375,0.8522335079478288,64.93076100000017,66.40535
615,615,2015-06-12,67.389999,68.029999,67.309998,67.849998,66.40535,2140000,66.40535,2140000,0.6825923828845823,1.0269608125504555,65.51146200000017,65.73983
616,616,2015-06-15,67.32,67.440002,66.620003,67.16999799999999,65.73983,2970000,65.73983,2970000,-0.2228193701723123,1.4252680435863796,66.19003300000016,66.072601
617,617,2015-06-16,67.0,67.75,66.550003,67.510002,66.072601,1035200,66.072601,1035200,0.7611970149253733,0.4967802958655287,66.19003300000016,66.366196
618,618,2015-06-17,67.790001,68.07,67.389999,67.809998,66.366196,1123200,66.366196,1123200,0.029498450663821917,0.5390104601199399,66.07259366666683,67.91256
619,619,2015-06-18,68.279999,69.83000200000001,68.0,69.389999,67.91256,1693500,67.91256,1693500,1.6256590747753226,0.8126907177823347,66.05954233333351,67.95172099999999
620,620,2015-06-19,69.290001,69.599998,68.870003,69.43,67.95172099999999,2882900,67.95172099999999,2882900,0.20204791164601527,1.3834697787391157,66.78378566666684,68.773827
621,621,2015-06-22,69.809998,70.660004,69.800003,70.269997,68.773827,1575700,68.773827,1575700,0.6589299716066609,0.7561598842690432,67.41015900000015,68.431274
622,622,2015-06-23,70.279999,70.610001,69.739998,69.91999799999999,68.431274,1327000,68.431274,1327000,-0.5122381973853061,0.636811681427315,68.21270266666681,67.648315
623,623,2015-06-24,69.940002,69.949997,68.440002,69.120003,67.648315,1311400,67.648315,1311400,-1.1724320511171988,0.6293254250367604,68.3856073333335,67.71682
624,624,2015-06-25,69.25,69.449997,68.900002,69.190002,67.71682,1187900,67.71682,1187900,-0.0866397111913258,0.5700592286115355,68.28447200000018,67.638527
625,625,2015-06-26,69.370003,69.900002,68.849998,69.110001,67.638527,1295900,67.638527,1295900,-0.37480465439795363,0.621887157469222,67.93213633333352,66.777252
626,626,2015-06-29,68.860001,69.059998,68.18,68.230003,66.777252,2058100,66.777252,2058100,-0.9148968789588031,0.9876579665000431,67.66788733333352,67.589584
627,627,2015-06-30,68.970001,69.389999,68.339996,69.059998,67.589584,3168800,67.589584,3168800,0.1304871664421127,1.520669823742936,67.37753300000018,67.92235600000001
628,628,2015-07-01,69.389999,69.470001,68.559998,69.400002,67.92235600000001,2174700,67.92235600000001,2174700,0.01441562205527275,1.043612934137138,67.33512100000019,67.02195
629,629,2015-07-02,69.410004,70.150002,68.120003,68.480003,67.02195,1696000,67.02195,1696000,-1.3398659363281469,0.8138904383577441,67.42973066666686,66.777252
630,630,2015-07-06,68.050003,68.620003,67.68,68.230003,66.777252,2039200,66.777252,2039200,0.26451137702373445,0.9785880789499479,67.51129666666687,67.12958499999999
631,631,2015-07-07,68.410004,68.650002,67.370003,68.589996,67.12958499999999,1277700,67.12958499999999,1277700,0.263107717403435,0.6131531916802415,67.24051933333352,66.366196
632,632,2015-07-08,68.400002,68.66999799999999,67.720001,67.809998,66.366196,1484000,66.366196,1484000,-0.8625789221468262,0.712154133563026,66.97626233333351,67.01213800000001
633,633,2015-07-09,68.800003,69.0,68.239998,68.470001,67.01213800000001,1377700,67.01213800000001,1377700,-0.4796540488523052,0.6611420146966179,66.75767766666685,68.431274
634,634,2015-07-10,68.93,70.150002,68.709999,69.91999799999999,68.431274,1064400,68.431274,1064400,1.4362367619323742,0.5107930321863106,66.83597300000018,69.12616
635,635,2015-07-13,70.120003,70.760002,70.0,70.629997,69.12616,2503700,69.12616,2503700,0.7273159985461012,1.2014961618610165,67.26986933333352,69.781906
636,636,2015-07-14,70.540001,71.650002,70.279999,71.300003,69.781906,1587800,69.781906,1587800,1.0774057119732676,0.7619665318540247,68.18985733333352,70.075508
637,637,2015-07-15,71.32,72.010002,71.099998,71.599998,70.075508,1503300,70.075508,1503300,0.39259394279305415,0.7214159764051867,69.11311333333352,69.781906
638,638,2015-07-16,71.760002,71.980003,71.25,71.300003,69.781906,1751100,69.781906,1751100,-0.6410242296258524,0.8403322798397674,69.66119133333352,69.81124100000001
639,639,2015-07-17,71.150002,71.410004,70.839996,71.33000200000001,69.81124100000001,1241100,69.81124100000001,1241100,0.25298664081556427,0.5955892824562478,69.87977333333353,70.41806
640,640,2015-07-20,71.41999799999999,72.629997,71.129997,71.949997,70.41806,1664700,70.41806,1664700,0.7420876712990159,0.7988699367536183,69.88955166666688,70.016785
641,641,2015-07-21,73.209999,73.519997,71.209999,71.540001,70.016785,1047200,70.016785,1047200,-2.281106437387047,0.5025389546274939,70.00373566666686,70.515923
642,642,2015-07-22,71.58000200000001,72.25,71.550003,72.050003,70.515923,992600,70.515923,992600,0.6566093697510602,0.4763370572605523,70.08202866666687,68.509567
643,643,2015-07-23,72.029999,72.129997,69.800003,70.0,68.509567,2303900,68.509567,2303900,-2.818268816024839,1.1056144934742964,70.31692266666687,66.669609
644,644,2015-07-24,70.309998,70.41999799999999,67.949997,68.120003,66.669609,2338600,66.669609,2338600,-3.114770391545163,1.122266615060979,69.68075833333354,66.219398
645,645,2015-07-27,68.120003,68.120003,67.260002,67.660004,66.219398,1932200,66.219398,1932200,-0.675277421816902,0.9272400383224252,68.56503300000021,67.03173100000001
646,646,2015-07-28,68.0,68.610001,67.699997,68.489998,67.03173100000001,1371600,67.03173100000001,1371600,0.7205852941176469,0.658214696492619,67.13285800000021,71.837189
647,647,2015-07-29,68.279999,75.0,68.0,73.400002,71.837189,5535900,71.837189,5535900,7.498539945789977,2.6566132533635822,66.64024600000022,70.427841
648,648,2015-07-30,72.690002,72.699997,71.5,71.959999,70.427841,3574400,70.427841,3574400,-1.0042687851350045,1.7153124898973586,68.3627726666669,70.192955
649,649,2015-07-31,72.389999,72.730003,71.41999799999999,71.720001,70.192955,2021300,70.192955,2021300,-0.925539451934523,0.9699980796300166,69.76558700000022,69.390419
650,650,2015-08-03,71.910004,72.059998,69.949997,70.900002,69.390419,2290100,69.390419,2290100,-1.4045361477104077,1.0989920358980363,70.81932833333356,68.822754
651,651,2015-08-04,70.650002,71.279999,70.019997,70.32,68.822754,1943700,68.822754,1943700,-0.4670941127503541,0.9327587529693084,70.00373833333354,65.867073
652,652,2015-08-05,66.0,67.589996,63.25,67.300003,65.867073,11450900,65.867073,11450900,1.969701515151521,5.495152134782248,69.46870933333355,63.909653000000006
653,653,2015-08-06,67.41999799999999,67.550003,65.230003,65.300003,63.909653000000006,4588400,63.909653000000006,4588400,-3.144460194140007,2.2019191552834156,68.02674866666689,62.236056999999995
654,654,2015-08-07,65.260002,65.33000200000001,63.34,63.59,62.236056999999995,3763800,62.236056999999995,3763800,-2.558997776310207,1.8062033206903756,66.19982666666688,61.864146999999996
655,655,2015-08-10,63.779999,64.139999,62.610001000000004,63.209998999999996,61.864146999999996,2971000,61.864146999999996,2971000,-0.8936970977374902,1.4257479318165434,64.00426100000023,61.472664
656,656,2015-08-11,62.279999,62.959998999999996,62.119999,62.810001,61.472664,3337600,61.472664,3337600,0.8509987291425667,1.6016749569945794,62.669952333333555,61.776054
657,657,2015-08-12,62.029999,63.610001000000004,62.0,63.119999,61.776054,2919800,61.776054,2919800,1.7572142794972534,1.4011776544321586,61.857622666666884,61.550961
658,658,2015-08-13,63.009997999999996,63.52,62.48,62.889998999999996,61.550961,2569700,61.550961,2569700,-0.19044437995379712,1.233168785051825,61.70428833333355,62.881995999999994
659,659,2015-08-14,62.759997999999996,64.290001,62.529999,64.25,62.881995999999994,3598600,62.881995999999994,3598600,2.374126908034644,1.7269257850673219,61.599893000000215,63.165829
660,660,2015-08-17,64.269997,64.769997,64.0,64.540001,63.165829,2361100,63.165829,2361100,0.42010893512255826,1.1330641002396635,62.06967033333354,64.203262
661,661,2015-08-18,64.5,65.650002,64.32,65.599998,64.203262,2497000,64.203262,2497000,1.7054232558139526,1.1982809107189192,62.53292866666688,63.616032
662,662,2015-08-19,65.599998,65.870003,64.739998,65.0,63.616032,2769100,63.616032,2769100,-0.91463112544607,1.3288584981464795,63.41702900000021,61.922863
663,663,2015-08-20,64.550003,65.040001,63.110001000000004,63.27,61.922863,1794500,61.922863,1794500,-1.9829635019536724,0.8611594290288749,63.66170766666688,60.405871999999995
664,664,2015-08-21,62.77,63.310001,61.700001,61.720001,60.405871999999995,2946300,60.405871999999995,2946300,-1.672772024852636,1.4138946925314984,63.24738566666688,59.33908100000001
665,665,2015-08-24,58.75,62.150002,57.419998,60.630001,59.33908100000001,5898100,59.33908100000001,5898100,3.20000170212766,2.8304287703288975,61.98158900000021,58.957386
666,666,2015-08-25,61.919998,62.369999,60.189999,60.240002000000004,58.957386,3597300,58.957386,3597300,-2.713171922260068,1.7263019303681089,60.55593866666689,60.317791
667,667,2015-08-26,61.610001000000004,61.860001000000004,59.759997999999996,61.630001,60.317791,3307400,60.317791,3307400,0.03246226209279889,1.5871823324436336,59.56744633333356,60.131831999999996
668,668,2015-08-27,62.299999,62.549999,60.73,61.439999,60.131831999999996,3010500,60.131831999999996,3010500,-1.3804173576310963,1.444703516908012,59.53808600000023,61.785854
669,669,2015-08-28,61.220001,63.200001,61.119999,63.130001,61.785854,2615800,61.785854,2615800,3.119895408038292,1.2552916324623744,59.802336333333564,60.445015000000005
670,670,2015-08-31,62.860001000000004,63.27,61.669998,61.759997999999996,60.445015000000005,2180500,60.445015000000005,2180500,-1.7499252028328922,1.0463962858720879,60.74515900000023,58.595257
671,671,2015-09-01,60.790001000000004,61.209998999999996,59.389998999999996,59.869999,58.595257,2649700,58.595257,2649700,-1.51341007544975,1.271559843464926,60.78756700000023,59.66205600000001
672,672,2015-09-02,60.82,61.599998,60.080002,60.959998999999996,59.66205600000001,1797300,59.66205600000001,1797300,0.23018579414665566,0.8625031160733334,60.275375333333564,59.515251
673,673,2015-09-03,61.220001,61.610001000000004,60.650002,60.810001,59.515251,1478700,59.515251,1478700,-0.6697157682176511,0.7096107259431581,59.5674426666669,58.556118000000005
674,674,2015-09-04,60.02,60.509997999999996,59.540001000000004,59.830002,58.556118000000005,1500400,58.556118000000005,1500400,-0.31655781406198397,0.7200243005377118,59.257521333333564,61.051818999999995
675,675,2015-09-08,61.59,62.959998999999996,61.450001,62.380001,61.051818999999995,2486800,61.051818999999995,2486800,1.28267738269199,1.1933860507712488,59.24447500000023,60.122046999999995
676,676,2015-09-09,62.959998999999996,63.23,61.290001000000004,61.43,60.122046999999995,1735500,60.122046999999995,1735500,-2.430112808610427,0.8328460234492128,59.70772933333356,60.493958
677,677,2015-09-10,61.52,62.860001000000004,61.209998999999996,61.810001,60.493958,2637300,60.493958,2637300,0.4713930429128684,1.2656092294108954,59.90999466666688,61.188835
678,678,2015-09-11,61.740002000000004,62.639998999999996,61.5,62.52,61.188835,1567400,61.188835,1567400,1.2633592075361433,0.752176811958684,60.55594133333355,60.435233999999994
679,679,2015-09-14,62.5,62.5,61.639998999999996,61.75,60.435233999999994,1460300,60.435233999999994,1460300,-1.2,0.7007807825081448,60.60161333333355,61.306281999999996
680,680,2015-09-15,61.919998,63.009997999999996,61.709998999999996,62.639998999999996,61.306281999999996,1731000,61.306281999999996,1731000,1.1627923502193853,0.8306865264134758,60.70600900000022,62.040318000000006
681,681,2015-09-16,62.5,63.950001,62.419998,63.389998999999996,62.040318000000006,1785300,62.040318000000006,1785300,1.4239983999999937,0.8567444573113682,60.9767836666669,63.146252000000004
682,682,2015-09-17,63.639998999999996,65.559998,63.400002,64.519997,63.146252000000004,2520300,63.146252000000004,2520300,1.3827750060147042,1.209462306481735,61.260611333333564,61.893508999999995
683,683,2015-09-18,63.990002000000004,64.470001,63.060001,63.240002000000004,61.893508999999995,2898300,61.893508999999995,2898300,-1.172058097450911,1.3908600574836378,62.16428400000024,62.128395
684,684,2015-09-21,63.639998999999996,64.449997,62.849998,63.48,62.128395,1672500,62.128395,1672500,-0.2514126375143393,0.8026130649488956,62.360026333333565,61.580311
685,685,2015-09-22,62.48,64.0,62.09,62.919998,61.580311,2275900,61.580311,2275900,0.7042221510883527,1.0921776230297109,62.389385333333564,61.678192
686,686,2015-09-23,63.279999,64.050003,62.68,63.02,61.678192,928400,61.678192,928400,-0.4108707397419419,0.4455282328840387,61.867405000000225,61.002883999999995
687,687,2015-09-24,63.150002,63.150002,61.540001000000004,62.330002,61.002883999999995,3040800,61.002883999999995,3040800,-1.2984956041648268,1.459244130281974,61.7956326666669,59.417374
688,688,2015-09-25,62.619999,62.849998,60.439999,60.709998999999996,59.417374,2274400,59.417374,2274400,-3.05014377275861,1.0914577906844654,61.42046233333357,56.91188399999999
689,689,2015-09-28,60.630001,60.75,58.009997999999996,58.150002,56.91188399999999,3230900,56.91188399999999,3230900,-4.090382581389037,1.5504708828361058,60.69948333333357,58.213566
690,690,2015-09-29,58.75,60.68,58.509997999999996,59.48,58.213566,2945900,58.213566,2945900,1.2425531914893564,1.4137027372394328,59.11071400000023,58.68334599999999
691,691,2015-09-30,59.990002000000004,61.279999,59.52,59.959998999999996,58.68334599999999,3379000,58.68334599999999,3379000,-0.050013333888549914,1.621542329723359,58.18094133333356,58.869305000000004
692,692,2015-10-01,60.169998,60.299999,58.709998999999996,60.150002,58.869305000000004,2755200,58.869305000000004,2755200,-0.033232508998918386,1.322188051747203,57.93626533333356,60.033962
693,693,2015-10-02,59.32,61.349998,58.540001000000004,61.34,60.033962,2497700,60.033962,2497700,3.4052596089008818,1.198616832480034,58.58873900000023,60.79735600000001
694,694,2015-10-05,61.66,62.220001,61.459998999999996,62.119999,60.79735600000001,1473100,60.79735600000001,1473100,0.7460249756730513,0.706923351854241,59.195537666666894,60.170981999999995
695,695,2015-10-06,62.279999,62.450001,61.240002000000004,61.48,60.170981999999995,1548300,60.170981999999995,1548300,-1.284519930708412,0.7430109467625561,59.900207666666894,61.531380000000006
696,696,2015-10-07,61.720001,62.98,61.32,62.869999,61.531380000000006,1481600,61.531380000000006,1481600,1.8632501318332713,0.711002401810633,60.33410000000023,62.069672
697,697,2015-10-08,62.540001000000004,63.490002000000004,62.389998999999996,63.419998,62.069672,1231600,62.069672,1231600,1.4070946369188513,0.5910303442696919,60.83323933333356,62.715626
698,698,2015-10-09,63.41,64.160004,63.02,64.08000200000001,62.715626,1404000,62.715626,1404000,1.0566188298375823,0.673763075149925,61.25734466666689,63.811783
699,699,2015-10-12,63.869999,65.239998,63.82,65.199997,63.811783,2160500,63.811783,2160500,2.0823516843956678,1.0367985212688124,62.10555933333357,63.684540000000005
700,700,2015-10-13,64.690002,65.879997,64.610001,65.07,63.684540000000005,2153700,63.684540000000005,2153700,0.5874138015948527,1.0335352813036989,62.86569366666689,63.156043999999994
701,701,2015-10-14,65.059998,65.709999,64.389999,64.529999,63.156043999999994,1269700,63.156043999999994,1269700,-0.8146311347872921,0.6093140858389314,63.40398300000023,63.126675
702,702,2015-10-15,64.25,64.639999,63.439999,64.5,63.126675,1916500,63.126675,1916500,0.38910505836575876,0.919705793108854,63.550789000000236,63.86071
703,703,2015-10-16,65.0,65.279999,64.08000200000001,65.25,63.86071,1373200,63.86071,1373200,0.38461538461538464,0.658982517660881,63.32241966666691,64.046661
704,704,2015-10-19,65.07,66.0,64.839996,65.440002,64.046661,1675900,64.046661,1675900,0.5686214845551156,0.8042446849314524,63.38114300000024,64.291359
705,705,2015-10-20,65.43,65.720001,65.0,65.690002,64.291359,1155100,64.291359,1155100,0.39737429313770445,0.554318894662164,63.678015333333576,64.301125
706,706,2015-10-21,66.360001,66.809998,65.410004,65.699997,64.301125,1431900,64.301125,1431900,-0.9945810579478452,0.687151956771494,64.06624333333357,61.815212
707,707,2015-10-22,65.879997,66.099998,61.950001,63.16,61.815212,3559100,61.815212,3559100,-4.12871451709387,1.7079701999758532,64.21304833333357,63.253914
708,708,2015-10-23,64.300003,64.83000200000001,63.299999,64.629997,63.253914,3661400,63.253914,3661400,0.5132099293992245,1.7570627659216063,63.46923200000024,63.606255000000004
709,709,2015-10-26,64.629997,65.050003,64.339996,64.989998,63.606255000000004,1638500,63.606255000000004,1638500,0.5570184383576513,0.7862968651233276,63.123417000000245,65.064522
710,710,2015-10-27,64.83000200000001,66.870003,64.360001,66.480003,65.064522,2406700,65.064522,2406700,2.5451194649045186,1.1549470035351312,62.89179366666692,66.033447
711,711,2015-10-28,66.449997,67.519997,65.300003,67.470001,66.033447,1925500,66.033447,1925500,1.5349948021818574,0.924024787180328,63.974897000000254,65.886635
712,712,2015-10-29,67.32,68.309998,66.629997,67.32,65.886635,1839400,65.886635,1839400,0.0,0.8827064105632279,64.90140800000025,64.878571
713,713,2015-10-30,67.540001,67.599998,66.160004,66.290001,64.878571,1581700,64.878571,1581700,-1.850755080681743,0.7590392136500258,65.66153466666692,64.751343
714,714,2015-11-02,66.800003,66.940002,65.68,66.160004,64.751343,2779600,64.751343,2779600,-0.958082292301698,1.3338973245631989,65.59955100000025,64.682816
715,715,2015-11-03,65.879997,66.589996,65.309998,66.089996,64.682816,3131400,64.682816,3131400,0.31875988093927243,1.5027220039348113,65.17218300000026,60.317791
716,716,2015-11-04,61.0,62.73,60.509997999999996,61.630001,60.317791,9102400,60.317791,9102400,1.032788524590164,4.3681346262426475,64.77091000000024,59.975239
717,717,2015-11-05,61.599998,61.779999,60.93,61.279999,59.975239,4024400,59.975239,4024400,-0.5194789129700992,1.9312621934710525,63.25065000000024,58.888866
718,718,2015-11-06,61.16,61.580002,59.529999,60.169998,58.888866,4328500,58.888866,4328500,-1.6187083060824017,2.077196204263853,61.65861533333358,58.115696
719,719,2015-11-09,59.82,60.169998,59.029999,59.380001,58.115696,2846800,58.115696,2846800,-0.7355382815112007,1.3661458136302038,59.72729866666691,58.037399
720,720,2015-11-10,59.310001,59.549999,58.57,59.299999,58.037399,2494600,58.037399,2494600,-0.016863934971102206,1.1971291789665262,58.99326700000025,57.27400600000001
721,721,2015-11-11,59.66,59.66,58.439999,58.52,57.27400600000001,3294400,57.27400600000001,3294400,-1.9108280254776961,1.5809437854515047,58.347320333333585,56.47146600000001
722,722,2015-11-12,58.299999,59.0,57.66,57.700001,56.47146600000001,2583900,56.47146600000001,2583900,-1.0291561068465873,1.2399831979201503,57.80903366666692,55.345955000000004
723,723,2015-11-13,57.529999,58.07,55.82,56.549999,55.345955000000004,4348500,55.345955000000004,4348500,-1.7034590944456596,2.0867939688671284,57.260957000000246,56.050625
724,724,2015-11-16,56.68,57.349998,56.450001,57.27,56.050625,2790200,56.050625,2790200,1.0409315455187074,1.3389841398029347,56.36380900000025,56.138709999999996
725,725,2015-11-17,57.66,57.939999,57.259997999999996,57.360001000000004,56.138709999999996,2802400,56.138709999999996,2802400,-0.5202896288588148,1.3448387762109328,55.956015333333575,57.078262
726,726,2015-11-18,57.360001000000004,58.68,57.349998,58.32,57.078262,2859000,57.078262,2859000,1.6736383948110396,1.372000450038202,55.845096666666905,56.66720600000001
727,727,2015-11-19,58.259997999999996,58.709998999999996,57.889998999999996,57.900002,56.66720600000001,2543700,56.66720600000001,2543700,-0.6179128258809679,1.220691691067567,56.42253233333357,57.499106999999995
728,728,2015-11-20,58.439999,58.810001,58.09,58.75,57.499106999999995,3104600,57.499106999999995,3104600,0.5304603102405935,1.4898609993664222,56.628059333333574,57.64592
729,729,2015-11-23,58.700001,59.279999,58.5,58.900002,57.64592,2185700,57.64592,2185700,0.340717200328498,1.0488917046689394,57.08152500000025,57.919952
730,730,2015-11-24,58.619999,59.209998999999996,58.619999,59.18,57.919952,3652900,57.919952,3652900,0.9553070787326349,1.7529837159652142,57.270744333333575,58.24292
731,731,2015-11-25,59.150002,59.860001000000004,58.950001,59.509997999999996,58.24292,2153700,58.24292,2153700,0.6086153640366662,1.0335352813036989,57.68832633333358,58.340796999999995
732,732,2015-11-27,59.41,59.959998999999996,59.380001,59.610001000000004,58.340796999999995,856600,58.340796999999995,856600,0.3366453459013759,0.4110722579582804,57.93626400000024,58.331005000000005
733,733,2015-11-30,59.82,60.110001000000004,59.290001000000004,59.599998,58.331005000000005,2703300,58.331005000000005,2703300,-0.36777331995988116,1.2972818526017038,58.167889666666916,58.879086
734,734,2015-12-01,59.75,60.209998999999996,59.279999,60.16,58.879086,3106500,58.879086,3106500,0.6861924686192411,1.4907727870037335,58.30490733333358,59.045464
735,735,2015-12-02,60.580002,61.18,60.200001,60.330002,59.045464,3751800,59.045464,3751800,-0.4126774376798469,1.8004446619284105,58.51696266666692,57.968891000000006
736,736,2015-12-03,60.299999,60.34,58.990002000000004,59.23,57.968891000000006,2533700,57.968891000000006,2533700,-1.7744593992447706,1.2158928087659293,58.751851666666916,58.849724
737,737,2015-12-04,59.279999,60.310001,58.91,60.130001,58.849724,2104500,58.849724,2104500,1.4338765424068303,1.0099247803796418,58.631147000000254,58.68334599999999
738,738,2015-12-07,59.830002,60.119999,59.389998999999996,59.959998999999996,58.68334599999999,1503900,58.68334599999999,1503900,0.21727727837949246,0.721703909343285,58.621359666666926,58.976958999999994
739,739,2015-12-08,59.450001,60.540001000000004,59.310001,60.259997999999996,58.976958999999994,1941000,58.976958999999994,1941000,1.362484417788312,0.9314630547478663,58.50065366666692,58.722492
740,740,2015-12-09,59.650002,60.889998999999996,59.650002,60.0,58.722492,2365100,58.722492,2365100,0.5867527045514589,1.1349836531603186,58.83667633333358,58.830151
741,741,2015-12-10,59.66,60.439999,59.119999,60.110001000000004,58.830151,1508300,58.830151,1508300,0.7542758967482525,0.7238154175560055,58.79426566666692,58.722492
742,742,2015-12-11,59.060001,60.290001000000004,59.0,60.0,58.722492,2992100,58.722492,2992100,1.5916000407788689,1.4358735734729988,58.84320066666692,58.663768999999995
743,743,2015-12-14,60.099998,60.599998,59.110001000000004,59.939999,58.663768999999995,2200100,58.663768999999995,2200100,-0.2662213066962151,1.0558020951832976,58.75837833333358,59.133553000000006
744,744,2015-12-15,60.349998,60.830002,59.919998,60.419998,59.133553000000006,1681000,59.133553000000006,1681000,0.11599006183894203,0.8066921149052876,58.73880400000024,59.857792
745,745,2015-12-16,60.709998999999996,61.240002000000004,60.279999,61.16,59.857792,2203000,59.857792,2203000,0.7412304520051143,1.0571937710507726,58.839938000000245,59.094402
746,746,2015-12-17,61.16,61.34,60.369999,60.380001,59.094402,2278300,59.094402,2278300,-1.2753417266186995,1.093329354782104,59.218371333333586,57.763358999999994
747,747,2015-12-18,60.080002,60.189999,58.919998,59.02,57.763358999999994,3325100,57.763358999999994,3325100,-1.7643175178323016,1.5956763541175323,59.361915666666924,58.40930899999999
748,748,2015-12-21,59.43,60.009997999999996,59.060001,59.68,58.40930899999999,1499900,58.40930899999999,1499900,0.4206629648325761,0.71978435642263,58.90518433333358,59.143337
749,749,2015-12-22,61.330002,61.5,59.310001,60.43,59.143337,1355700,59.143337,1355700,-1.4674742714014597,0.6505844736330151,58.42235666666691,59.456524
750,750,2015-12-23,60.740002000000004,61.240002000000004,60.439999,60.75,59.456524,1261400,59.456524,1261400,0.01646032214486255,0.6053310135285721,58.438668333333574,59.3978
751,751,2015-12-24,60.689999,60.950001,60.310001,60.689999,59.3978,501200,59.3978,501200,0.0,0.2405199809580786,59.00305666666691,59.329292
752,752,2015-12-28,60.599998,60.650002,59.91,60.619999,59.329292,1213500,59.329292,1213500,0.03300495158432283,0.5823443673037279,59.33255366666691,60.533108
753,753,2015-12-29,60.939999,61.939999,60.919998,61.849998,60.533108,1270300,60.533108,1270300,1.493270454435024,0.6096020187770297,59.39453866666691,59.33908100000001
754,754,2015-12-30,61.82,61.959998999999996,60.59,60.630001,59.33908100000001,1181300,59.33908100000001,1181300,-1.9249417664186352,0.5668919662924546,59.75340000000025,58.888866
755,755,2015-12-31,60.509997999999996,61.009997999999996,60.080002,60.169998,58.888866,1513800,58.888866,1513800,-0.5618906151674246,0.7264548028219062,59.733827000000254,56.921673
756,756,2016-01-04,59.049999,59.25,57.759997999999996,58.16,56.921673,3212900,56.921673,3212900,-1.5071956224757992,1.5418328946931579,59.58701833333359,56.843371999999995
757,757,2016-01-05,58.09,58.650002,57.810001,58.080002,56.843371999999995,1415200,56.843371999999995,1415200,-0.017211223962821584,0.6791378233277591,58.38320666666692,56.39316899999999
758,758,2016-01-06,57.299999,57.950001,57.110001000000004,57.619999,56.39316899999999,1839900,56.39316899999999,1839900,0.5584642331320115,0.8829463546783097,57.55130366666691,56.442101
759,759,2016-01-07,57.310001,58.84,57.220001,57.669998,56.442101,2553300,56.442101,2553300,0.6281573786746224,1.225298618077139,56.71940466666691,57.489323
760,760,2016-01-08,58.09,59.34,57.849998,58.740002000000004,57.489323,2971600,57.489323,2971600,1.1189567911860916,1.4260358647546416,56.559547333333576,56.040829
761,761,2016-01-11,58.970001,59.48,56.549999,57.259997999999996,56.040829,2547500,56.040829,2547500,-2.899784587081841,1.2225152663421892,56.774864333333575,57.900379
762,762,2016-01-12,57.400002,59.169998,57.200001,59.16,57.900379,2051400,57.900379,2051400,3.0661984994355853,0.9844427153579458,56.65741766666691,57.088051
763,763,2016-01-13,59.299999,59.919998,58.23,58.330002,57.088051,2560500,57.088051,2560500,-1.635745390147476,1.228753813334318,57.14351033333358,56.951035
764,764,2016-01-14,58.529999,58.75,57.529999,58.189999,56.951035,1817700,56.951035,1817700,-0.5808986943601286,0.8722928359686741,57.00975300000025,55.561264
765,765,2016-01-15,56.669998,57.18,55.849998,56.77,55.561264,2362800,55.561264,2362800,0.1764637436549821,1.133879910230942,57.31315500000025,55.189354
766,766,2016-01-19,57.360001000000004,57.759997999999996,56.02,56.389998999999996,55.189354,2498600,55.189354,2498600,-1.6910773763759313,1.1990487318871812,56.533450000000244,54.837025
767,767,2016-01-20,55.77,56.560001,53.91,56.029999,54.837025,2048700,54.837025,2048700,0.46619867312173824,0.9831470171365037,55.90055100000024,54.641284999999996
768,768,2016-01-21,56.110001000000004,56.610001000000004,55.110001000000004,55.830002,54.641284999999996,1379400,54.641284999999996,1379400,-0.4990179914628831,0.6619578246878963,55.19588100000025,56.158279
769,769,2016-01-22,56.66,57.490002000000004,56.349998,57.380001,56.158279,1527900,56.158279,1527900,1.2707394987645666,0.7332212268672154,54.88922133333358,54.983833
770,770,2016-01-25,56.959998999999996,57.259997999999996,56.02,56.18,54.983833,2027200,54.983833,2027200,-1.3693802908950132,0.9728294201879828,55.21219633333357,55.316589
771,771,2016-01-26,56.200001,56.709998999999996,55.91,56.52,55.316589,2201100,55.316589,2201100,0.5693932283026165,1.0562819834134614,55.26113233333357,55.101273
772,772,2016-01-27,56.59,57.41,55.970001,56.299999,55.101273,1504400,55.101273,1504400,-0.5124597985509873,0.7219438534583669,55.4862336666669,54.768513
773,773,2016-01-28,56.720001,57.040001000000004,55.389998999999996,55.959998999999996,54.768513,2274900,54.768513,2274900,-1.3399188762355754,1.0916977347995471,55.13389833333357,56.77486
774,774,2016-01-29,56.27,58.02,56.02,58.009997999999996,56.77486,2118900,56.77486,2118900,3.0922303181091038,1.016835170894,55.06212500000023,56.39316899999999
775,775,2016-02-01,57.380001,57.98,56.759997999999996,57.619999,56.39316899999999,1776400,56.39316899999999,1776400,0.41826071073090415,0.8524734520629107,55.54821533333356,55.434036
776,776,2016-02-02,56.830002,57.130001,55.91,56.639998999999996,55.434036,1708700,55.434036,1708700,-0.33433572640029885,0.8199850188808239,55.97884733333356,55.991901
777,777,2016-02-03,57.259997999999996,57.810001,55.919998,57.209998999999996,55.991901,1393000,55.991901,1393000,-0.08731924859655023,0.6684843046181235,56.20068833333355,57.244648
778,778,2016-02-04,57.189999,59.07,57.049999,58.490002000000004,57.244648,2270300,57.244648,2270300,2.27312995756479,1.0894902489407938,55.93970200000022,54.132346999999996
779,779,2016-02-05,58.360001000000004,58.43,55.040001000000004,55.310001,54.132346999999996,2342500,54.132346999999996,2342500,-5.226182227104492,1.1241381791586176,56.22352833333355,53.134071
780,780,2016-02-08,54.889998999999996,54.970001,52.91,54.290001000000004,53.134071,2514700,53.134071,2514700,-1.093091657735305,1.2067749323928179,55.78963200000021,52.566418000000006
781,781,2016-02-09,53.639998999999996,54.669998,53.389998999999996,53.709998999999996,52.566418000000006,2443900,52.566418000000006,2443900,0.13049962957680197,1.1727988456972234,54.83702200000022,53.388527
782,782,2016-02-10,54.220001,55.509997999999996,53.970001,54.549999,53.388527,1929000,53.388527,1929000,0.608627801390111,0.9257043959859012,53.277612000000225,52.801311
783,783,2016-02-11,53.580002,54.330002,53.389998999999996,53.950001,52.801311,1664000,52.801311,1664000,0.6905542855336212,0.7985340149925036,53.02967200000023,53.731079
784,784,2016-02-12,54.369999,54.98,53.759997999999996,54.900002,53.731079,1735800,53.731079,1735800,0.9748078163473953,0.8329899899182619,52.91875200000023,54.27916
785,785,2016-02-16,55.389998999999996,56.009997999999996,55.029999,55.459998999999996,54.27916,3397100,54.27916,3397100,0.12637660455635735,1.6302283066893233,53.30697233333356,51.685581
786,786,2016-02-17,50.099998,53.5,49.889998999999996,52.810001,51.685581,15699700,51.685581,15699700,5.409187840686142,7.534101247102049,53.60385000000022,51.039635
787,787,2016-02-18,53.0,53.459998999999996,50.900002,52.150002,51.039635,7097300,51.039635,7097300,-1.6037698113207537,3.4059107359412835,53.231940000000215,50.364323
788,788,2016-02-19,51.799999,52.259997999999996,50.369999,51.459998999999996,50.364323,4605200,50.364323,4605200,-0.6563706690419114,2.209981277550167,52.33479200000022,51.343037
789,789,2016-02-22,51.700001,52.5,51.439999,52.459998999999996,51.343037,3879200,51.343037,3879200,1.470015445454239,1.861582422451274,51.02984633333356,49.571575
790,790,2016-02-23,51.16,51.400002,50.23,50.650002,49.571575,3252600,49.571575,3252600,-0.9968686473807584,1.5608844574306595,50.91566500000024,50.687298
791,791,2016-02-24,50.169998,51.849998,50.009997999999996,51.790001000000004,50.687298,2989000,50.687298,2989000,3.2290274358791162,1.434385919959491,50.4263116666669,50.266453000000006
792,792,2016-02-25,51.869999,52.119999,51.09,51.360001000000004,50.266453000000006,1800100,50.266453000000006,1800100,-0.9832234621789677,0.8638468031177919,50.53397000000024,50.902615000000004
793,793,2016-02-26,51.82,52.169998,51.330002,52.009997999999996,50.902615000000004,2068500,50.902615000000004,2068500,0.36664994210728613,0.9926488040937462,50.17510866666691,49.972843
794,794,2016-02-29,51.93,52.16,51.049999,51.060001,49.972843,1753500,49.972843,1753500,-1.6753302522626614,0.8414840115921605,50.61878866666691,50.383896
795,795,2016-03-01,51.48,51.529999,51.07,51.48,50.383896,2217000,50.383896,2217000,0.0,1.0639122062730653,50.38063700000024,50.207729
796,796,2016-03-02,51.52,51.849998,50.66,51.299999,50.207729,2255400,50.207729,2255400,-0.42702057453416814,1.0823399143113537,50.41978466666691,48.935417
797,797,2016-03-03,51.119999,51.290001000000004,49.59,50.0,48.935417,5546600,48.935417,5546600,-2.190921404360747,2.6617480574263346,50.18815600000024,50.540489
798,798,2016-03-04,50.209998999999996,52.150002,49.900002,51.639998999999996,50.540489,5134600,50.540489,5134600,2.848038296117074,2.464034106598864,49.84234733333358,51.489841
799,799,2016-03-07,51.240002000000004,53.419998,51.209998999999996,52.610001000000004,51.489841,3698100,51.489841,3698100,2.6736903718309764,1.7746746639686164,49.89454500000025,51.666008000000005
800,800,2016-03-08,52.57,53.779999,52.279999,52.790001000000004,51.666008000000005,4017500,51.666008000000005,4017500,0.41849153509606896,1.9279509646829227,50.32191566666691,52.400043
801,801,2016-03-09,53.029999,53.709998999999996,52.98,53.540001000000004,52.400043,3756800,52.400043,3756800,0.9617235708414915,1.8028441030792293,51.232112666666914,52.263020000000004
802,802,2016-03-10,53.650002,54.450001,52.830002,53.400002,52.263020000000004,2560400,52.263020000000004,2560400,-0.46598320723268566,1.2287058245113018,51.851964000000244,52.860031000000006
803,803,2016-03-11,53.869999,54.060001,53.18,54.009997999999996,52.860031000000006,2443700,52.860031000000006,2443700,0.25988305661560523,1.1727028680511906,52.10969033333358,52.165154
804,804,2016-03-14,54.0,54.650002,53.150002,53.299999,52.165154,2100800,52.165154,2100800,-1.2962981481481486,1.0081491939280358,52.50769800000024,50.97113
805,805,2016-03-15,52.970001,53.200001,51.919998,52.080002,50.97113,1953300,50.97113,1953300,-1.6801944179687727,0.9373656799788805,52.42940166666691,51.528988
806,806,2016-03-16,52.029999,53.040001000000004,51.799999,52.650002,51.528988,1430200,51.528988,1430200,1.1916260079113286,0.6863361467802156,51.99877166666692,51.186440000000005
807,807,2016-03-17,52.59,52.880001,51.91,52.299999,51.186440000000005,1653800,51.186440000000005,1653800,-0.5514375356531731,0.7936391550448332,51.55509066666692,52.34132
808,808,2016-03-18,52.529999,53.599998,52.43,53.48,52.34132,2439900,52.34132,2439900,1.8084923245477322,1.1708792927765683,51.22885266666692,52.008553000000006
809,809,2016-03-21,53.189999,53.41,52.700001,53.139998999999996,52.008553000000006,1653100,52.008553000000006,1653100,-0.09400263384100507,0.7933032332837185,51.685582666666924,53.398323
810,810,2016-03-22,52.709998999999996,54.849998,52.709998999999996,54.560001,53.398323,3069000,53.398323,3069000,3.5097743029742867,1.4727769783725924,51.845437666666925,51.538776
811,811,2016-03-23,54.540001000000004,54.549999,52.220001,52.66,51.538776,3651800,51.538776,3651800,-3.4470131381185842,1.7524558389120342,52.582732000000256,50.364323
812,812,2016-03-24,52.490002000000004,52.900002,51.130001,51.459998999999996,50.364323,3631800,50.364323,3631800,-1.962284169850113,1.7428580743087587,52.3152173333336,50.471981
813,813,2016-03-28,51.720001,51.939999,51.259997999999996,51.57,50.471981,2229300,50.471981,2229300,-0.29002512973656586,1.0698148315040794,51.76714066666693,51.362606
814,814,2016-03-29,51.540001000000004,52.509997999999996,51.509997999999996,52.48,51.362606,2687600,51.362606,2687600,1.8238241788159706,1.2897476073881327,50.7916933333336,51.5975
815,815,2016-03-30,52.860001000000004,53.0,52.52,52.720001,51.5975,1166200,51.5975,1166200,-0.2648505436085795,0.5596456540169817,50.73297000000027,51.832386
816,816,2016-03-31,52.560001,53.369999,52.52,52.959998999999996,51.832386,1905700,51.832386,1905700,0.761031187956021,0.9145230002230854,51.14402900000027,52.928546999999995
817,817,2016-04-01,52.790001000000004,54.32,52.599998,54.080002,52.928546999999995,2717700,52.928546999999995,2717700,2.4436464776729148,1.304192243116062,51.5974973333336,53.437473
818,818,2016-04-04,54.139998999999996,54.98,54.040001000000004,54.599998,53.437473,2807000,53.437473,2807000,0.8496472266281413,1.3470462620696861,52.11947766666694,52.879604
819,819,2016-04-05,54.150002,54.349998,53.599998,54.029999,52.879604,1413900,52.879604,1413900,-0.22161218018053644,0.6785139686285462,52.73280200000027,54.05405
820,820,2016-04-06,54.16,55.27,54.060001,55.23,54.05405,1600800,54.05405,1600800,1.9756277695716404,0.7682050788461537,53.08187466666694,54.788090000000004
821,821,2016-04-07,55.799999,56.48,55.650002,55.98,54.788090000000004,3348900,54.788090000000004,3348900,0.322582443057028,1.6070976939954298,53.4570423333336,55.248081000000006
822,822,2016-04-08,56.200001,56.66,55.689999,56.450001,55.248081000000006,2954300,55.248081000000006,2954300,0.44483984973594576,1.4177337983728084,53.907248000000266,53.936611
823,823,2016-04-11,56.560001,56.970001,54.959998999999996,55.110001000000004,53.936611,1959500,53.936611,1959500,-2.5636491767388683,0.940340987005896,54.6967403333336,54.318302
824,824,2016-04-12,55.049999,55.59,54.599998,55.5,54.318302,1463500,54.318302,1463500,0.8174405234775759,0.7023164248446689,54.65759400000027,54.719578000000006
825,825,2016-04-13,55.48,55.950001,55.169998,55.91,54.719578000000006,1251400,54.719578000000006,1251400,0.775054073540014,0.6005321312269345,54.500998000000266,55.238293000000006
826,826,2016-04-14,55.939999,56.52,55.779999,56.439999,55.238293000000006,1272800,55.238293000000006,1272800,0.8938148175512124,0.6108017393524391,54.3248303333336,55.805946
827,827,2016-04-15,56.509997999999996,57.040001000000004,56.189999,57.02,55.805946,2044300,55.805946,2044300,0.9024987047424904,0.9810355089237831,54.758724333333596,56.843371999999995
828,828,2016-04-18,56.689999,58.279999,56.580002,58.080002,56.843371999999995,2439100,56.843371999999995,2439100,2.4519368927842105,1.1704953821924373,55.25460566666694,56.804230000000004
829,829,2016-04-19,58.139998999999996,58.439999,57.59,58.040001000000004,56.804230000000004,1827900,56.804230000000004,1827900,-0.17199518699680796,0.8771876959163446,55.96253700000026,57.117416000000006
830,830,2016-04-20,58.040001000000004,58.599998,58.02,58.360001000000004,57.117416000000006,1473100,57.117416000000006,1473100,0.5513438912587204,0.706923351854241,56.48451600000027,57.215281999999995
831,831,2016-04-21,58.169998,58.849998,58.080002,58.459998999999996,57.215281999999995,1780200,57.215281999999995,1780200,0.49854050192677785,0.854297027337533,56.92167266666693,57.264217
832,832,2016-04-22,58.330002,58.790001000000004,57.73,58.509997999999996,57.264217,1601400,57.264217,1601400,0.3085821941168382,0.768493011784252,57.045642666666936,57.322941
833,833,2016-04-25,58.419998,58.889998999999996,57.919998,58.57,57.322941,1340200,57.322941,1340200,0.25676481536339774,0.6431462060654768,57.19897166666694,56.921673
834,834,2016-04-26,58.66,58.869999,57.68,58.16,56.921673,1094400,56.921673,1094400,-0.8523695874531197,0.5251896790912235,57.26748000000028,56.579120999999994
835,835,2016-04-27,58.34,58.57,57.360001000000004,57.810001,56.579120999999994,1387900,56.579120999999994,1387900,-0.9084658896126219,0.6660368746442883,57.169610333333615,56.422531000000006
836,836,2016-04-28,57.57,58.310001,57.080002,57.650002,56.422531000000006,1349800,56.422531000000006,1349800,0.13896473857912167,0.6477531330750489,56.94124500000027,54.944679
837,837,2016-04-29,57.110001000000004,57.310001,55.419998,56.139998999999996,54.944679,2793000,54.944679,2793000,-1.6984800963320033,1.3403278268473935,56.64110833333361,55.747218999999994
838,838,2016-05-02,56.240002000000004,56.98,56.009997999999996,56.959998999999996,55.747218999999994,1776700,55.747218999999994,1776700,1.2802222162083,0.8526174185319598,55.982110333333615,55.708068999999995
839,839,2016-05-03,56.5,57.080002,56.200001,56.919998,55.708068999999995,1586300,55.708068999999995,1586300,0.7433592920353976,0.7612466995087791,55.704809666666954,54.533627
840,840,2016-05-04,56.529999,56.860001000000004,55.529999,55.720001,54.533627,1668000,54.533627,1668000,-1.4328639913826873,0.8004535679131587,55.46665566666695,54.27916
841,841,2016-05-05,55.720001,56.369999,55.349998,55.459998999999996,54.27916,2431700,54.27916,2431700,-0.4666223893283978,1.1669442092892255,55.32963833333361,52.488121
842,842,2016-05-06,54.23,54.919998,52.889998999999996,53.630001,52.488121,6962300,52.488121,6962300,-1.1063968283238004,3.3411258248691755,54.84028533333361,54.249802
843,843,2016-05-09,53.830002,55.560001,53.5,55.43,54.249802,3293100,54.249802,3293100,2.9723164416750336,1.580319930752292,53.76696933333361,54.063846999999996
844,844,2016-05-10,55.610001000000004,55.799999,54.900002,55.240002000000004,54.063846999999996,2699100,54.063846999999996,2699100,-0.6653461487979472,1.295266322035016,53.67236100000028,53.183006000000006
845,845,2016-05-11,55.18,55.610001000000004,54.32,54.34,53.183006000000006,1386100,53.183006000000006,1386100,-1.5222906850308016,0.6651730758299935,53.600590000000274,53.300453000000005
846,846,2016-05-12,54.700001,54.880001,53.849998,54.459998999999996,53.300453000000005,1688000,53.300453000000005,1688000,-0.43876050386178983,0.8100513325164339,53.83221833333361,52.595783
847,847,2016-05-13,54.27,54.610001000000004,53.720001,53.740002000000004,52.595783,1809200,52.595783,1809200,-0.9765948037589811,0.8682137860122822,53.51576866666695,53.300453000000005
848,848,2016-05-16,53.75,54.59,53.75,54.459998999999996,53.300453000000005,1398600,53.300453000000005,1398600,1.3209283720930163,0.6711716787070406,53.02641400000027,52.067276
849,849,2016-05-17,54.27,54.450001,52.93,53.200001,52.067276,2554700,52.067276,2554700,-1.9716215220195372,1.2259704615993683,53.065563000000274,52.263020000000004
850,850,2016-05-18,53.099998,53.709998999999996,52.880001,53.400002,52.263020000000004,1961900,52.263020000000004,1961900,0.5649793056489405,0.941492718758289,52.654504000000266,52.47834
851,851,2016-05-19,53.25,53.779999,52.84,53.619999,52.47834,1877800,52.47834,1877800,0.6948338028169013,0.9011341186015164,52.543583000000275,53.398323
852,852,2016-05-20,53.639998999999996,54.889998999999996,53.389998999999996,54.560001,53.398323,3171400,53.398323,3171400,1.7151417172845282,1.5219175331413617,52.26954533333361,52.987267
853,853,2016-05-23,54.48,55.009997999999996,54.099998,54.139998999999996,52.987267,1600100,52.987267,1600100,-0.6240840675477256,0.7678691570850391,52.713227666666945,53.868099
854,854,2016-05-24,54.369999,55.169998,54.369999,55.040001000000004,53.868099,1173100,53.868099,1173100,1.2323009238973937,0.5629568828051118,52.954643333333614,54.132346999999996
855,855,2016-05-25,55.060001,55.66,55.049999,55.310001,54.132346999999996,1241200,54.132346999999996,1241200,0.45405011888757507,0.5956372712792641,53.41789633333361,53.809380000000004
856,856,2016-05-26,55.169998,55.259997999999996,54.700001,54.98,53.809380000000004,990500,53.809380000000004,990500,-0.34438645439139365,0.4753292919772084,53.66257100000028,54.102985
857,857,2016-05-27,55.150002,55.419998,54.830002,55.279999,54.102985,933300,54.102985,933300,0.23571531330134118,0.4478796852118411,53.93660866666695,54.425968000000005
858,858,2016-05-31,55.5,55.939999,55.299999,55.610001000000004,54.425968000000005,2196300,54.425968000000005,2196300,0.19820000000000723,1.0539785199086753,54.01490400000028,54.435753000000005
859,859,2016-06-01,55.580002,55.84,55.389998999999996,55.619999,54.435753000000005,2750000,54.435753000000005,2750000,0.07196293371849755,1.3196926329503516,54.11277766666694,54.425968000000005
860,860,2016-06-02,55.459998999999996,55.860001000000004,54.990002000000004,55.610001000000004,54.425968000000005,2189800,54.425968000000005,2189800,0.27046881122375743,1.0508592464126107,54.32156866666694,54.04427
861,861,2016-06-03,55.259997999999996,55.610001000000004,55.0,55.220001,54.04427,1038600,54.04427,1038600,-0.07237966240967383,0.4984119158480855,54.42922966666695,54.024696
862,862,2016-06-06,55.209998999999996,55.540001000000004,54.91,55.200001,54.024696,1889000,54.024696,1889000,-0.01810903854570973,0.9065088667793505,54.30199700000028,55.757011
863,863,2016-06-07,55.23,57.130001,55.23,56.970001,55.757011,2909300,55.757011,2909300,3.1504635162049732,1.3961388280154392,54.164978000000275,55.874451
864,864,2016-06-08,57.009997999999996,57.32,56.830002,57.09,55.874451,2071300,55.874451,2071300,0.1403297716305962,0.9939924911382048,54.60865900000027,55.747218999999994
865,865,2016-06-09,56.93,57.360001000000004,56.450001,56.959998999999996,55.747218999999994,1286600,55.747218999999994,1286600,0.05269453715088101,0.617424196928699,55.2187193333336,54.425968000000005
866,866,2016-06-10,56.240002000000004,56.959998999999996,55.400002,55.610001000000004,54.425968000000005,1655100,54.425968000000005,1655100,-1.1202008847723726,0.7942630097440461,55.792893666666934,54.533627
867,867,2016-06-13,55.720001,56.41,55.48,55.720001,54.533627,1255600,54.533627,1255600,0.0,0.6025476617936223,55.349212666666936,54.318302
868,868,2016-06-14,55.619999,55.939999,55.34,55.5,54.318302,2831300,54.318302,2831300,-0.21574793627738104,1.3587075460626656,54.9022713333336,53.34938399999999
869,869,2016-06-15,55.740002000000004,55.849998,54.419998,54.509997999999996,53.34938399999999,1900200,53.34938399999999,1900200,-2.2066809398392344,0.9118836149571847,54.42596566666694,53.20257900000001
870,870,2016-06-16,54.279999,54.41,53.380001,54.360001000000004,53.20257900000001,2230900,53.20257900000001,2230900,0.14738762246478204,1.0705826526723414,54.067104333333596,52.703438
871,871,2016-06-17,54.400002,54.419998,53.580002,53.849998,52.703438,2488200,52.703438,2488200,-1.0110367275354166,1.194057894293478,53.623421666666935,52.605568000000005
872,872,2016-06-20,54.27,54.709998999999996,53.709998999999996,53.75,52.605568000000005,1915400,52.605568000000005,1915400,-0.9581721024507152,0.9191779160556739,53.085133666666934,53.642998
873,873,2016-06-21,54.0,54.970001,53.799999,54.810001,53.642998,2766300,53.642998,2766300,1.5000018518518514,1.327514811102021,52.83719500000027,54.102985
874,874,2016-06-22,54.720001,55.549999,54.52,55.279999,54.102985,2421200,54.102985,2421200,1.0233881391924555,1.1619053828725059,52.9840013333336,55.678711
875,875,2016-06-23,56.279999,57.32,56.049999,56.889998999999996,55.678711,3153100,55.678711,3153100,1.083866401632309,1.5131355785293648,53.45051700000027,53.95618100000001
876,876,2016-06-24,54.75,55.990002000000004,54.349998,55.130001,53.95618100000001,3054200,53.95618100000001,3054200,0.6940657534246576,1.4656746325661685,54.47489800000026,52.566418000000006
877,877,2016-06-27,54.720001,54.799999,53.330002,53.709998999999996,52.566418000000006,1705000,52.566418000000006,1705000,-1.8457638551578373,0.818209432429218,54.5792923333336,53.907249
878,878,2016-06-28,54.040001000000004,55.200001,53.790001000000004,55.080002,53.907249,1444800,53.907249,1444800,1.924502184964794,0.6933425149406065,54.0671033333336,56.256149
879,879,2016-06-29,55.299999,57.720001,55.209998999999996,57.48,56.256149,2746700,56.256149,2746700,3.9421356951561557,1.318109001790811,53.47661600000027,57.352303000000006
880,880,2016-06-30,57.669998,58.740002000000004,57.369999,58.599998,57.352303000000006,3063100,57.352303000000006,3063100,1.6126236036977142,1.469945637814626,54.24327200000027,57.65570400000001
881,881,2016-07-01,58.48,59.139998999999996,58.259997999999996,58.91,57.65570400000001,1823100,57.65570400000001,1823100,0.7352941176470584,0.8748842324115584,55.83856700000027,57.019535
882,882,2016-07-05,58.25,58.52,57.830002,58.259997999999996,57.019535,2206100,57.019535,2206100,0.017163948497847133,1.0586814245642802,57.08805200000027,57.538258
883,883,2016-07-06,58.110001000000004,58.889998999999996,57.59,58.790001000000004,57.538258,1862500,57.538258,1862500,1.170194438647488,0.8937918286800108,57.34251400000027,58.340796999999995
884,884,2016-07-07,58.73,59.73,58.040001000000004,59.610001000000004,58.340796999999995,3551600,58.340796999999995,3551600,1.4983841307679333,1.7043710382496249,57.40449900000027,59.329292
885,885,2016-07-08,59.990002000000004,60.790001000000004,59.540001000000004,60.619999,59.329292,2362800,59.329292,2362800,1.0501699933265478,1.133879910230942,57.6328633333336,58.820366
886,886,2016-07-11,60.59,61.529999,60.080002,60.099998,58.820366,1697700,58.820366,1697700,-0.8087176101667007,0.8147062483490225,58.40278233333361,59.446739
887,887,2016-07-12,60.07,61.259997999999996,60.02,60.740002000000004,59.446739,2206900,59.446739,2206900,1.1153687364741198,1.0590653351484112,58.83015166666695,59.074825
888,888,2016-07-13,61.150002,61.200001,60.23,60.360001000000004,59.074825,2283100,59.074825,2283100,-1.2919067443366505,1.09563281828689,59.19879900000029,59.505463
889,889,2016-07-14,60.860001000000004,60.959998999999996,60.080002,60.799999,59.505463,1574300,59.505463,1574300,-0.09859020541259,0.755488040746814,59.11397666666696,59.29015
890,890,2016-07-15,61.029999,61.25,60.529999,60.580002,59.29015,1617300,59.29015,1617300,-0.7373373871429955,0.7761232346438558,59.34234233333362,59.593540000000004
891,891,2016-07-18,60.48,60.93,60.400002,60.889998999999996,59.593540000000004,1045100,59.593540000000004,1045100,0.677908399470898,0.50153118934415,59.290146000000284,59.33908100000001
892,892,2016-07-19,60.549999,61.099998,60.5,60.630001,59.33908100000001,1326400,59.33908100000001,1326400,0.1321255182844848,0.6365237484892168,59.463051000000284,60.719063
893,893,2016-07-20,61.029999,62.279999,60.849998,62.040001000000004,60.719063,1762500,60.719063,1762500,1.6549271121567726,0.8458030056636344,59.407590333333616,60.670128000000005
894,894,2016-07-21,61.75,62.34,61.68,61.990002000000004,60.670128000000005,1565100,60.670128000000005,1565100,0.38866720647773934,0.7510730690293074,59.88389466666695,60.630974
895,895,2016-07-22,62.130001,62.16,61.25,61.950001,60.630974,1463700,60.630974,1463700,-0.2897151088087053,0.7024124024907017,60.24275733333362,60.748425
896,896,2016-07-25,61.790001000000004,62.099998,61.419998,62.07,60.748425,1173100,60.748425,1173100,0.4531461328184742,0.5629568828051118,60.67338833333363,60.92459100000001
897,897,2016-07-26,62.110001000000004,62.380001,61.779999,62.25,60.92459100000001,883100,60.92459100000001,883100,0.22540492311374458,0.42378929605762017,60.683175666666955,60.630974
898,898,2016-07-27,62.139998999999996,62.279999,61.459998999999996,61.950001,60.630974,1356100,60.630974,1356100,-0.3057579708039514,0.6507764289250806,60.76799666666696,60.914803000000006
899,899,2016-07-28,62.009997999999996,62.610001000000004,61.939999,62.240002000000004,60.914803000000006,1414700,60.914803000000006,1414700,0.37091438061328125,0.6788978792126772,60.76799666666696,61.061611
900,900,2016-07-29,62.310001,62.709998999999996,62.02,62.389998999999996,61.061611,1849700,61.061611,1849700,0.12838709471373022,0.8876492593339146,60.8234560000003,60.895229
901,901,2016-08-01,62.330002,62.709998999999996,62.0,62.220001,60.895229,1847300,60.895229,1847300,-0.17648162437087184,0.8864975275815216,60.869129333333625,60.630974
902,902,2016-08-02,62.060001,62.470001,61.369999,61.950001,60.630974,3354300,60.630974,3354300,-0.17724782182971513,1.6096890904383143,60.95721433333362,64.88834399999999
903,903,2016-08-03,63.689999,66.739998,62.650002,66.300003,64.88834399999999,7635900,64.88834399999999,7635900,4.097980909059213,3.664378536707487,60.862604666666954,64.88834399999999
904,904,2016-08-04,65.970001,67.029999,65.91999799999999,66.300003,64.88834399999999,2503400,64.88834399999999,2503400,0.5002304001784197,1.2013521953919672,62.13818233333362,65.44622
905,905,2016-08-05,66.300003,67.440002,65.720001,66.870003,65.44622,2353900,65.44622,2353900,0.8597284678855793,1.1296089049824845,63.46922066666695,65.896423
906,906,2016-08-08,66.849998,67.480003,66.529999,67.33000200000001,65.896423,1883900,65.896423,1883900,0.7180314350944456,0.9040614368055153,65.07430266666695,65.48536700000001
907,907,2016-08-09,67.389999,67.5,66.870003,66.910004,65.48536700000001,1674800,65.48536700000001,1674800,-0.7122644414937629,0.8037168078782723,65.41032900000029,65.51474
908,908,2016-08-10,67.190002,67.349998,66.360001,66.940002,65.51474,1274300,65.51474,1274300,-0.3720791673737411,0.6115215716976847,65.60933666666696,65.632172
909,909,2016-08-11,66.629997,67.260002,66.5,67.059998,65.632172,1409300,65.632172,1409300,0.6453564751023327,0.6763064827697929,65.63217666666696,65.035164
910,910,2016-08-12,66.720001,66.980003,66.18,66.449997,65.035164,2080400,65.035164,2080400,-0.4046822481312615,0.998359474032695,65.54409300000029,65.191765
911,911,2016-08-15,66.459999,66.790001,66.08000200000001,66.610001,65.191765,2515200,65.191765,2515200,0.2257026816988075,1.2070148765078996,65.39402533333362,64.57515699999999
912,912,2016-08-16,66.58000200000001,66.68,65.690002,65.980003,64.57515699999999,1489400,64.57515699999999,1489400,-0.9011699939570609,0.7147455300059103,65.28636700000028,63.96838399999999
913,913,2016-08-17,66.239998,66.25,64.91999799999999,65.360001,63.96838399999999,2470600,63.96838399999999,2470600,-1.328497926585087,1.185611861442596,64.93402866666695,63.762840000000004
914,914,2016-08-18,65.349998,65.5,64.910004,65.150002,63.762840000000004,1909200,63.762840000000004,1909200,-0.30603826491318137,0.9162026090286586,64.57843533333362,63.332207
915,915,2016-08-19,65.150002,65.160004,64.440002,64.709999,63.332207,2094700,63.332207,2094700,-0.6753691273869867,1.0052218757240368,64.10212700000027,63.244125
916,916,2016-08-22,64.639999,65.08000200000001,64.199997,64.620003,63.244125,1788400,63.244125,1788400,-0.030934406419167983,0.8582321108248758,63.68781033333361,63.22455600000001
917,917,2016-08-23,65.029999,65.709999,64.559998,64.599998,63.22455600000001,1177400,63.22455600000001,1177400,-0.6612348248690644,0.565020402194816,63.44639066666695,63.126675
918,918,2016-08-24,64.190002,64.970001,64.129997,64.5,63.126675,1589400,63.126675,1589400,0.4829381373130244,0.7627343530222868,63.26696266666695,63.097320999999994
919,919,2016-08-25,64.410004,64.860001,63.77,64.470001,63.097320999999994,1366700,63.097320999999994,1366700,0.0931485736284004,0.6558632441648166,63.19845200000028,63.263702
920,920,2016-08-26,64.33000200000001,64.889999,64.110001,64.639999,63.263702,1276000,63.263702,1276000,0.4818855749452574,0.6123373816889631,63.14951733333361,63.616032
921,921,2016-08-29,64.43,65.239998,64.029999,65.0,63.616032,1512700,63.616032,1512700,0.8846810492006721,0.7259269257687261,63.162566000000275,63.371353000000006
922,922,2016-08-30,64.970001,65.16999799999999,64.470001,64.75,63.371353000000006,1311700,63.371353000000006,1311700,-0.33861935757088313,0.6294693915058095,63.32568500000027,63.165829
923,923,2016-08-31,64.739998,64.91999799999999,63.009997999999996,64.540001,63.165829,1173300,63.165829,1173300,-0.3089233953946001,0.5630528604511446,63.41702900000027,63.625824
924,924,2016-09-01,64.75,65.139999,64.050003,65.010002,63.625824,1360100,63.625824,1360100,0.4015474903474905,0.6526959818457356,63.38440466666694,63.390933999999994
925,925,2016-09-02,65.269997,65.32,64.440002,64.769997,63.390933999999994,1001600,63.390933999999994,1001600,-0.7660487559084767,0.4806560513320262,63.38766866666694,63.576885
926,926,2016-09-06,64.730003,64.989998,64.389999,64.959999,63.576885,851200,63.576885,851200,0.3553159112320756,0.4084808615153961,63.39419566666694,63.616032
927,927,2016-09-07,64.949997,65.279999,64.739998,65.0,63.616032,689800,63.616032,689800,0.07698691656599121,0.33102690116696454,63.5312143333336,62.774349
928,928,2016-09-08,64.309998,64.690002,63.700001,64.139999,62.774349,1981900,62.774349,1981900,-0.264343034188852,0.9510904833615642,63.5279503333336,60.895229
929,929,2016-09-09,63.66,63.970001,62.139998999999996,62.220001,60.895229,4061600,60.895229,4061600,-2.262015394282113,1.9491140356331447,63.32242200000027,61.472664
930,930,2016-09-12,62.099998,62.93,61.619999,62.810001,61.472664,1772300,61.472664,1772300,1.1433220980135947,0.8505059103192393,62.428536666666936,60.62118100000001
931,931,2016-09-13,62.400002,62.549999,61.27,61.939999,60.62118100000001,1825900,60.62118100000001,1825900,-0.7371842712440945,0.8762279194560171,61.714080666666945,60.865864
932,932,2016-09-14,61.790001000000004,62.369999,61.490002000000004,62.189999,60.865864,1888200,60.865864,1888200,0.6473506935207793,0.9061249561952195,60.99635800000028,61.433521
933,933,2016-09-15,62.16,63.130001,62.009997999999996,62.77,61.433521,1728200,61.433521,1728200,0.981338481338492,0.8293428393690173,60.98656966666695,60.699486
934,934,2016-09-16,62.799999,62.82,61.82,62.02,60.699486,3747000,60.699486,3747000,-1.2420366439814696,1.7981411984236244,60.97352200000029,60.170981999999995
935,935,2016-09-19,62.290001000000004,62.52,61.43,61.48,60.170981999999995,1357200,60.170981999999995,1357200,-1.3003708251666377,0.6513043059782607,60.999623666666956,60.787567
936,936,2016-09-20,61.689999,62.380001,61.549999,62.110001000000004,60.787567,1771200,60.787567,1771200,0.6808267252525061,0.8499780332660591,60.76799633333362,61.042038
937,937,2016-09-21,62.099998,62.48,61.700001,62.369999,61.042038,1309200,61.042038,1309200,0.4347842330043241,0.6282696709304001,60.55267833333361,61.63904599999999
938,938,2016-09-22,62.810001,63.080002,62.580002,62.98,61.63904599999999,1327600,61.63904599999999,1327600,0.27065594219620714,0.6370996143654133,60.666862333333604,61.413943999999994
939,939,2016-09-23,62.650002,63.18,62.580002,62.75,61.413943999999994,1741100,61.413943999999994,1741100,0.1596137219596567,0.8355333975381298,61.156217000000275,60.62118100000001
940,940,2016-09-26,62.389998999999996,62.5,61.740002000000004,61.939999,60.62118100000001,1381500,60.62118100000001,1381500,-0.7212694457648504,0.6629655899712402,61.3650093333336,60.826717
941,941,2016-09-27,61.93,62.41,61.84,62.150002,60.826717,1190300,60.826717,1190300,0.3552430163087371,0.5712109603639285,61.22472366666694,61.12033100000001
942,942,2016-09-28,62.310001,62.529999,61.860001000000004,62.450001,61.12033100000001,1080500,61.12033100000001,1080500,0.22468303282485996,0.5185192326919472,60.95394733333361,60.219917
943,943,2016-09-29,62.43,62.43,61.43,61.529999,60.219917,895700,60.219917,895700,-1.441616210155379,0.4298358877576836,60.85607633333362,60.435233999999994
944,944,2016-09-30,61.869999,62.060001,61.189999,61.75,60.435233999999994,2521400,60.435233999999994,2521400,-0.1939534539187563,1.209990183534915,60.72232166666695,60.112258999999995
945,945,2016-10-03,61.619999,61.720001,60.779999,61.419998,60.112258999999995,1386000,60.112258999999995,1386000,-0.3245715729401429,0.6651250870069771,60.59182733333361,59.622902
946,946,2016-10-04,61.419998,61.759997999999996,60.77,60.919998,59.622902,1105700,59.622902,1105700,-0.8140671056355294,0.5306124160920741,60.25580333333361,59.945877
947,947,2016-10-05,61.009997999999996,61.560001,61.009997999999996,61.25,59.945877,1483900,59.945877,1483900,0.3933814257787782,0.7121061447400097,60.05679833333361,59.564178000000005
948,948,2016-10-06,60.889998999999996,61.419998,60.669998,60.860001000000004,59.564178000000005,959100,59.564178000000005,959100,-0.049265890117672656,0.4602608015500662,59.893679333333615,59.828438
949,949,2016-10-07,61.169998,61.23,60.57,61.130001,59.828438,1127600,59.828438,1127600,-0.0653866295696129,0.5411219683326605,59.71098566666695,60.474388
950,950,2016-10-10,61.48,61.91,61.419998,61.790001000000004,60.474388,1070100,60.474388,1070100,0.5042306441119175,0.5135283950982441,59.77949766666695,59.436951
951,951,2016-10-11,62.529999,62.529999,60.259997999999996,60.73,59.436951,1559500,59.436951,1559500,-2.878616710037049,0.7483856949403902,59.95566800000029,59.720779
952,952,2016-10-12,60.869999,61.459998999999996,60.75,61.02,59.720779,1501300,59.720779,1501300,0.24642845813091463,0.7204561999448592,59.91325900000029,59.955666
953,953,2016-10-13,60.599998,61.389998999999996,60.220001,61.259997999999996,59.955666,1882700,59.955666,1882700,1.089108946835273,0.9034855709293188,59.87737266666695,59.652267
954,954,2016-10-14,61.5,61.82,60.759997999999996,60.950001,59.652267,1176600,59.652267,1176600,-0.8943073170731702,0.564636491610685,59.704465333333616,59.534824
955,955,2016-10-17,60.93,61.040001000000004,60.57,60.830002,59.534824,1542600,59.534824,1542600,-0.16411948137206525,0.7402755838506226,59.77623733333362,59.848011
956,956,2016-10-18,61.41,61.75,61.139998999999996,61.150002,59.848011,850200,59.848011,850200,-0.4233805569125484,0.4080009732852323,59.714252333333626,59.378227
957,957,2016-10-19,60.169998,61.150002,60.16,60.669998,59.378227,629200,59.378227,629200,0.8309789207571521,0.3019456744190404,59.67836733333362,59.701199
958,958,2016-10-20,60.73,61.209998999999996,60.490002000000004,61.0,59.701199,1100700,59.701199,1100700,0.44459081178989485,0.5282129749412553,59.58702066666695,57.215281999999995
959,959,2016-10-21,60.68,60.869999,58.41,58.459998999999996,57.215281999999995,3173500,57.215281999999995,3173500,-3.658538233355312,1.5229252984247057,59.642479000000286,58.066756999999996
960,960,2016-10-24,58.740002000000004,59.740002000000004,58.5,59.330002,58.066756999999996,2506500,58.066756999999996,2506500,1.0044262511261002,1.202839848905475,58.764902666666956,57.64592
961,961,2016-10-25,59.330002,59.630001,58.77,58.900002,57.64592,1996000,57.64592,1996000,-0.7247597935358231,0.9578569074068733,58.32774600000028,56.99996899999999
962,962,2016-10-26,58.77,58.77,57.939999,58.240002000000004,56.99996899999999,1547100,56.99996899999999,1547100,-0.9018172537008661,0.7424350808863596,57.64265300000028,56.530181999999996
963,963,2016-10-27,58.380001,58.5,57.57,57.759997999999996,56.530181999999996,1487400,56.530181999999996,1487400,-1.0620126573824555,0.7137857535455828,57.570882000000275,57.156567
964,964,2016-10-28,57.68,58.59,57.310001,58.400002,57.156567,1746400,57.156567,1746400,1.2482697642163678,0.8380768051579978,57.05869033333361,57.332733
965,965,2016-10-31,58.509997999999996,58.799999,58.119999,58.580002,57.332733,2687200,57.332733,2687200,0.11964450930250314,1.2895556520960672,56.89557266666694,56.119125
966,966,2016-11-01,58.52,58.630001,56.91,57.34,56.119125,4866800,56.119125,4866800,-2.016404647983595,2.3355200385610075,57.00649400000028,52.018341
967,967,2016-11-02,53.490002000000004,54.490002000000004,52.779999,53.150002,52.018341,12294200,52.018341,12294200,-0.6356328047996771,5.89984187927935,56.86947500000028,51.685581
968,968,2016-11-03,54.259997999999996,54.259997999999996,52.790001000000004,52.810001,51.685581,3879400,51.685581,3879400,-2.6723130362076244,1.8616784000973068,55.15673300000028,51.206016999999996
969,969,2016-11-04,52.419998,53.119999,52.0,52.32,51.206016999999996,3462800,51.206016999999996,3462800,-0.19076307480973076,1.6617569634110827,53.274349000000285,51.528988
970,970,2016-11-07,52.200001,52.779999,50.720001,52.650002,51.528988,5186500,51.528988,5186500,0.8620708647112868,2.488940305744363,51.63664633333362,51.528988
971,971,2016-11-08,52.810001,52.860001000000004,52.18,52.650002,51.528988,2743400,51.528988,2743400,-0.3029710224773507,1.3165253706312707,51.47352866666696,49.718379999999996
972,972,2016-11-09,50.220001,51.130001,49.560001,50.799999,49.718379999999996,9157800,49.718379999999996,9157800,1.1549143537452262,4.39472043419372,51.42133100000029,48.406909999999996
973,973,2016-11-10,51.279999,51.529999,49.290001000000004,49.459998999999996,48.406909999999996,7553600,48.406909999999996,7553600,-3.5491420348896656,3.624883735365009,50.92545200000029,47.437988
974,974,2016-11-11,49.459998999999996,49.700001,48.080002,48.470001,47.437988,6162900,47.437988,6162900,-2.0016134654592146,2.9575031736762623,49.88475933333362,47.643516999999996
975,975,2016-11-14,48.77,49.82,48.52,48.68,47.643516999999996,6241200,47.643516999999996,6241200,-0.1845396760303535,2.995078422098085,48.52109266666695,48.152446999999995
976,976,2016-11-15,48.040001000000004,49.330002,48.040001000000004,49.200001,48.152446999999995,4865600,48.152446999999995,4865600,2.414654404357728,2.334944172684811,47.829471666666954,47.888191
977,977,2016-11-16,49.130001,49.310001,48.880001,48.93,47.888191,4124100,47.888191,4124100,-0.40708527565468666,1.9791070500183798,47.74465066666695,48.534138
978,978,2016-11-17,49.009997999999996,50.009997999999996,48.66,49.59,48.534138,9906800,48.534138,9906800,1.1834360817562317,4.754156718586379,47.89471833333362,48.475414
979,979,2016-11-18,49.549999,49.900002,49.43,49.529999,48.475414,3731000,48.475414,3731000,-0.04036327023942649,1.7904629867410042,48.19159200000029,49.434554999999996
980,980,2016-11-21,49.580002,50.639998999999996,49.5,50.509997999999996,49.434554999999996,3294200,49.434554999999996,3294200,1.8757482099335043,1.580847807805472,48.29924766666696,48.994133000000005
981,981,2016-11-22,50.52,50.630001,49.75,50.060001,48.994133000000005,4196700,48.994133000000005,4196700,-0.910528503562952,2.0139469355282693,48.81470233333362,49.434554999999996
982,982,2016-11-23,50.02,50.619999,50.0,50.509997999999996,49.434554999999996,4275100,49.434554999999996,4275100,0.9796041583366509,2.051570172773108,48.968034000000294,49.414986
983,983,2016-11-25,50.650002,50.91,50.439999,50.490002000000004,49.414986,1292900,49.414986,1292900,-0.3158933735086458,0.6204474927787307,49.28774766666695,49.786884
984,984,2016-11-28,50.389998999999996,51.060001,50.349998,50.869999,49.786884,2618200,49.786884,2618200,0.9525699732599797,1.2564433642147674,49.28122466666696,48.710312
985,985,2016-11-29,50.740002000000004,51.110001000000004,49.529999,49.77,48.710312,5047200,48.710312,5047200,-1.91171060655457,2.4220918752825504,49.54547500000029,48.720093
986,986,2016-11-30,50.41,50.41,49.169998,49.779999,48.720093,3573900,48.720093,3573900,-1.2497540170601074,1.7150725457822769,49.30406066666696,46.958424
987,987,2016-12-01,49.299999,49.869999,47.549999,47.98,46.958424,4911900,46.958424,4911900,-2.6774828129306916,2.3571629977413933,49.072429666666956,46.831188
988,988,2016-12-02,47.950001,48.619999,47.470001,47.849998,46.831188,3082300,46.831188,3082300,-0.20855682568182002,1.4791594918337703,48.129609666666965,47.320538
989,989,2016-12-05,48.23,48.689999,48.080002,48.349998,47.320538,3056300,47.320538,3056300,0.24880364918101286,1.4666823978495125,47.5032350000003,46.537579
990,990,2016-12-06,48.630001,48.639998999999996,47.459998999999996,47.549999,46.537579,3984400,46.537579,3984400,-2.2208553933609836,1.9120666642645021,47.03671666666697,46.978001
991,991,2016-12-07,47.599998,48.279999,47.400002,48.0,46.978001,3508800,46.978001,3508800,0.840340371442874,1.6838318219986157,46.8964350000003,47.056293
992,992,2016-12-08,47.990002000000004,48.240002000000004,47.77,48.080002,47.056293,1658500,47.056293,1658500,0.187539062823953,0.7958946297266029,46.94537266666697,47.369479999999996
993,993,2016-12-09,48.099998,48.529999,48.02,48.400002,47.369479999999996,1519000,47.369479999999996,1519000,0.6237089656427871,0.7289502216187578,46.857291000000295,47.849041
994,994,2016-12-12,48.27,48.919998,48.110001000000004,48.889998999999996,47.849041,2385400,47.849041,2385400,1.2844396105241203,1.144725384232643,47.13459133333364,47.183521
995,995,2016-12-13,47.459998999999996,48.630001,47.009997999999996,48.209998999999996,47.183521,4338700,47.183521,4338700,1.580278162247749,2.082091064211524,47.4249380000003,46.987782
996,996,2016-12-14,48.200001,49.299999,47.950001,48.009997999999996,46.987782,4506100,46.987782,4506100,-0.39419708725733094,2.162424353940938,47.467347333333635,48.103508000000005
997,997,2016-12-15,49.900002,50.290001000000004,48.799999,49.150002,48.103508000000005,4579500,48.103508000000005,4579500,-1.5030059517833285,2.1976481500349583,47.34011466666698,47.878407
998,998,2016-12-16,49.189999,49.189999,48.459998999999996,48.919998,47.878407,4515700,47.878407,4515700,-0.5488940953221011,2.16703128095051,47.42493700000031,47.653301
999,999,2016-12-19,48.799999,49.23,48.580002,48.689999,47.653301,1396100,47.653301,1396100,-0.22540984068462672,0.6699719581316311,47.656565666666985,47.467354
1000,1000,2016-12-20,48.509997999999996,48.959998999999996,48.169998,48.5,47.467354,1910000,47.467354,1910000,-0.020610184317047295,0.9165865196127896,47.87840533333365,47.506496000000006
1001,1001,2016-12-21,48.560001,48.689999,48.02,48.540001000000004,47.506496000000006,1976300,47.506496000000006,1976300,-0.04118616060159476,0.9484031092726471,47.66635400000032,46.792041999999995
1002,1002,2016-12-22,48.400002,48.509997999999996,47.59,47.810001,46.792041999999995,1899300,46.792041999999995,1899300,-1.2190102802061886,0.9114517155500373,47.54238366666698,47.017146999999994
1003,1003,2016-12-23,47.990002000000004,48.77,47.869999,48.040001000000004,47.017146999999994,1387400,47.017146999999994,1387400,0.10418628446816836,0.6657969305292064,47.25529733333364,47.252033000000004
1004,1004,2016-12-27,48.060001,48.799999,48.049999,48.279999,47.252033000000004,1425900,47.252033000000004,1425900,0.4577569609288955,0.6842726273905113,47.105228333333635,46.459282
1005,1005,2016-12-28,48.290001000000004,48.400002,47.369999,47.470001,46.459282,1604700,46.459282,1604700,-1.6980741002676727,0.7700766429437924,47.020407333333644,46.8997
1006,1006,2016-12-29,47.470001,48.130001,47.470001,47.919998,46.8997,1335100,46.8997,1335100,0.9479607973886417,0.6406987760916416,46.90948733333365,46.361404
1007,1007,2016-12-30,48.0,48.25,47.209998999999996,47.369999,46.361404,1780200,46.361404,1780200,-1.3125020833333334,0.854297027337533,46.87033833333365,48.348183
1008,1008,2017-01-03,47.700001,49.459998999999996,47.580002,49.400002,48.348183,2681100,48.348183,2681100,3.563943321510623,1.286628333892068,46.57346200000031,46.909489
1009,1009,2017-01-04,49.080002,49.220001,47.799999,47.93,46.909489,3869500,46.909489,3869500,-2.343117263931653,1.8569275066186854,47.203095666666975,46.635448
1010,1010,2017-01-05,47.98,48.279999,47.580002,47.650002,46.635448,2909900,46.635448,2909900,-0.687782409337216,1.3964267609535375,47.20635866666698,46.537579
1011,1011,2017-01-06,47.869999,47.900002,47.09,47.549999,46.537579,3674600,46.537579,3674600,-0.6684771395127882,1.763397290559768,47.29770666666698,46.968208000000004
1012,1012,2017-01-09,47.540001000000004,48.150002,47.16,47.990002000000004,46.968208000000004,3012600,46.968208000000004,3012600,0.9465733919526006,1.445711282191356,46.694172000000314,48.220955
1013,1013,2017-01-10,48.52,49.759997999999996,48.299999,49.27,48.220955,4154200,48.220955,4154200,1.5457543281121187,1.9935516857463091,46.71374500000031,49.434554999999996
1014,1014,2017-01-11,49.27,50.580002,49.27,50.509997999999996,49.434554999999996,5185700,49.434554999999996,5185700,2.5167404099857777,2.488556395160232,47.242247333333644,50.217521999999995
1015,1015,2017-01-12,50.310001,51.360001000000004,50.130001,51.310001,50.217521999999995,2861400,50.217521999999995,2861400,1.9876763667724833,1.373152181790595,48.207906000000314,50.256671999999995
1016,1016,2017-01-13,51.279999,51.549999,51.02,51.349998,50.256671999999995,2396400,50.256671999999995,2396400,0.13650351280233608,1.1500041547644444,49.29101066666698,51.421329
1017,1017,2017-01-17,51.330002,52.599998,51.080002,52.540001000000004,51.421329,4279100,51.421329,4279100,2.357293888280003,2.053489725693763,49.969583000000306,51.176655
1018,1018,2017-01-18,52.810001,52.880001,51.939999,52.290001000000004,51.176655,3415600,51.176655,3415600,-0.984661977188745,1.639106238947353,50.631841000000314,50.540489
1019,1019,2017-01-19,52.029999,52.029999,51.32,51.639998999999996,50.540489,2169200,50.540489,2169200,-0.7495675715850015,1.0409735488712373,50.951552000000305,50.765594
1020,1020,2017-01-20,51.77,51.959998999999996,50.830002,51.869999,50.765594,2739500,50.765594,2739500,0.1931601313501967,1.314653806533632,51.04615766666698,49.708591
1021,1021,2017-01-23,51.860001000000004,51.860001000000004,50.509997999999996,50.790001000000004,49.708591,2163600,49.708591,2163600,-2.063247164225855,1.0382861747823202,50.82757933333365,50.129436
1022,1022,2017-01-24,50.919998,51.34,50.330002,51.220001,50.129436,1876200,50.129436,1876200,0.5891653805642408,0.9003662974332544,50.338224666666996,51.157084999999995
1023,1023,2017-01-25,51.34,52.299999,51.34,52.27,51.157084999999995,1871300,51.157084999999995,1871300,1.8114530580444093,0.8980148451054519,50.20120700000032,51.313675
1024,1024,2017-01-26,52.27,52.48,51.93,52.43,51.313675,1986500,51.313675,1986500,0.3061029271092339,0.9532979692203175,50.33170400000032,51.891117
1025,1025,2017-01-27,52.580002,53.07,52.32,53.02,51.891117,1603700,51.891117,1603700,0.8368162481241495,0.7695967547136287,50.86673200000032,51.812816999999995
1026,1026,2017-01-30,52.93,53.0,52.580002,52.939999,51.812816999999995,2039600,51.812816999999995,2039600,0.018890988097488258,0.9787800342420134,51.45395900000032,52.566418000000006
1027,1027,2017-01-31,52.77,53.75,52.77,53.709998999999996,52.566418000000006,2106600,52.566418000000006,2106600,1.7813132461625791,1.0109325456629856,51.67253633333365,52.71323
1028,1028,2017-02-01,53.610001000000004,53.919998,53.330002,53.860001000000004,52.71323,2749000,52.71323,2749000,0.4663308997140291,1.3192127447201878,52.09011733333366,52.47834
1029,1029,2017-02-02,53.810001,54.110001000000004,53.32,53.619999,52.47834,4267700,52.47834,4267700,-0.3530979306244573,2.0480189998698966,52.36415500000032,52.517483
1030,1030,2017-02-03,53.43,53.73,52.169998,53.66,52.517483,4351100,52.517483,4351100,0.4304697735354611,2.0880416782655544,52.58599600000033,52.899184999999996
1031,1031,2017-02-06,53.490002000000004,54.09,53.25,54.049999,52.899184999999996,2930000,52.899184999999996,2930000,1.0469190111452895,1.4060725143798292,52.56968433333366,52.45875899999999
1032,1032,2017-02-07,54.07,54.07,53.299999,53.599998,52.45875899999999,3208300,52.45875899999999,3208300,-0.8692472720547455,1.5396254088344046,52.631669333333654,51.803028000000005
1033,1033,2017-02-08,53.490002000000004,53.66,52.709998999999996,52.93,51.803028000000005,3518800,51.803028000000005,3518800,-1.0469283586865528,1.6886307043002535,52.62514233333365,52.7328
1034,1034,2017-02-09,53.16,54.110001000000004,53.0,53.880001,52.7328,2918600,52.7328,2918600,1.3544036869827003,1.400601788555962,52.38699066666698,50.403473
1035,1035,2017-02-10,51.5,52.720001,51.290001000000004,51.5,50.403473,8307700,50.403473,8307700,0.0,3.9867674497315035,52.33152900000032,51.401756
1036,1036,2017-02-13,51.529999,52.549999,51.259997999999996,52.52,51.401756,3625900,51.401756,3625900,1.9212129229810515,1.7400267337507926,51.64643366666699,53.388527
1037,1037,2017-02-14,52.630001,54.580002,52.619999,54.549999,53.388527,4694800,53.388527,4694800,3.6481055738532087,2.2529792629728402,51.51267633333365,53.897453000000006
1038,1038,2017-02-15,54.419998,55.279999,54.349998,55.07,53.897453000000006,3571100,53.897453000000006,3571100,1.1944175374648134,1.7137288587378183,51.731252000000325,54.425968000000005
1039,1039,2017-02-16,55.240002000000004,55.639998999999996,54.779999,55.610001000000004,54.425968000000005,2420400,54.425968000000005,2420400,0.6698026549673186,1.1615214722883749,52.89591200000033,54.954468000000006
1040,1040,2017-02-17,55.5,56.240002000000004,55.189999,56.150002,54.954468000000006,2610000,54.954468000000006,2610000,1.1711747747747758,1.2525082807274246,53.903982666667,54.09320400000001
1041,1041,2017-02-21,56.07,56.59,54.990002000000004,55.27,54.09320400000001,2965200,54.09320400000001,2965200,-1.4267879436418711,1.4229645800815935,54.42596300000033,54.191074
1042,1042,2017-02-22,55.450001,55.950001,55.200001,55.369999,54.191074,1786900,54.191074,1786900,-0.1442777250806548,0.8575122784796302,54.49121333333366,54.210648
1043,1043,2017-02-23,55.369999,55.57,55.09,55.389998999999996,54.210648,1429300,54.210648,1429300,0.03612064359978771,0.6859042473730682,54.41291533333365,54.425968000000005
1044,1044,2017-02-24,54.549999,55.630001,54.439999,55.610001000000004,54.425968000000005,1748600,54.425968000000005,1748600,1.9431751043661878,0.839132559264358,54.16497533333364,54.171501
1045,1045,2017-02-27,55.560001,55.700001,54.689999,55.349998,54.171501,1423800,54.171501,1423800,-0.3779751551840332,0.6832648621071674,54.27589666666697,53.868099
1046,1046,2017-02-28,55.349998,55.529999,54.900002,55.040001000000004,53.868099,2465600,53.868099,2465600,-0.5600668675724173,1.183212420291777,54.26937233333365,54.269379
1047,1047,2017-03-01,55.48,55.59,54.799999,55.450001,54.269379,1809100,54.269379,1809100,-0.05407173756307959,0.8681657971892658,54.15518933333365,54.386821999999995
1048,1048,2017-03-02,55.330002,55.599998,55.0,55.57,54.386821999999995,2132300,54.386821999999995,2132300,0.4337574395894652,1.0232656731781944,54.10299300000031,54.553192
1049,1049,2017-03-03,55.549999,55.779999,55.23,55.740002000000004,54.553192,1927400,54.553192,1927400,0.3420396101177326,0.9249365748176391,54.174766666666976,53.907249
1050,1050,2017-03-06,55.599998,55.669998,55.07,55.080002,53.907249,2580200,53.907249,2580200,-0.9352446379584385,1.2382076114685443,54.40313100000031,53.79959100000001
1051,1051,2017-03-07,54.970001,55.189999,54.560001,54.970001,53.79959100000001,2722600,53.79959100000001,2722600,0.0,1.3065436954438643,54.282421000000305,53.212368000000005
1052,1052,2017-03-08,54.98,55.080002,54.009997999999996,54.369999,53.212368000000005,3012900,53.212368000000005,3012900,-1.1094961804292414,1.445855248660405,54.08667733333365,53.603843999999995
1053,1053,2017-03-09,54.59,54.830002,54.080002,54.77,53.603843999999995,2462400,53.603843999999995,2462400,0.32973071991207126,1.1816767779552528,53.63973600000031,54.063846999999996
1054,1054,2017-03-10,55.099998,55.48,54.669998,55.240002000000004,54.063846999999996,2757700,54.063846999999996,2757700,0.25409075332453673,1.3233877723226124,53.538601000000305,54.298733
1055,1055,2017-03-13,55.290001000000004,55.529999,54.880001,55.48,54.298733,1388500,54.298733,1388500,0.34364079682326854,0.6663248075823865,53.62668633333362,53.917033999999994
1056,1056,2017-03-14,55.290001000000004,55.389998999999996,54.490002000000004,55.09,53.917033999999994,2511400,53.917033999999994,2511400,-0.3617308670332639,1.2051913012332773,53.98880800000029,54.523838
1057,1057,2017-03-15,55.23,55.84,55.139998999999996,55.709998999999996,54.523838,2479000,54.523838,2479000,0.8690910736918331,1.1896429225759715,54.09320466666696,55.150211
1058,1058,2017-03-16,55.75,56.400002,55.5,56.349998,55.150211,2382400,55.150211,2382400,1.0762295964125548,1.1432857195421517,54.2465350000003,55.404678000000004
1059,1059,2017-03-17,56.560001,57.029999,56.130001,56.610001000000004,55.404678000000004,4760000,55.404678000000004,4760000,0.08840169574962395,2.2842679755795174,54.530361000000305,55.365524
1060,1060,2017-03-20,56.68,56.779999,56.32,56.57,55.365524,2301000,55.365524,2301000,-0.19407198306280773,1.1042228176068214,55.02624233333364,55.600418000000005
1061,1061,2017-03-21,56.77,57.049999,56.25,56.810001,55.600418000000005,3056300,55.600418000000005,3056300,0.07046151136162872,1.4666823978495125,55.30680433333364,55.199146
1062,1062,2017-03-22,56.91,57.0,56.200001,56.400002,55.199146,3471400,55.199146,3471400,-0.8961483043401792,1.665884002190491,55.456873333333625,55.326381999999995
1063,1063,2017-03-23,56.439999,56.830002,56.169998,56.529999,55.326381999999995,2363300,55.326381999999995,2363300,0.15946137773672941,1.1341198543460238,55.38836266666696,56.539981999999995
1064,1064,2017-03-24,56.790001000000004,58.130001,56.509997999999996,57.77,56.539981999999995,3796600,56.539981999999995,3796600,1.7256541340789893,1.8219436546397472,55.375315333333624,58.027615000000004
1065,1065,2017-03-27,57.610001000000004,59.490002000000004,57.48,59.290001000000004,58.027615000000004,6087700,58.027615000000004,6087700,2.916160338202389,2.9214155787679474,55.68850333333362,57.998253000000005
1066,1066,2017-03-28,59.119999,59.419998,58.970001,59.259997999999996,57.998253000000005,2040100,57.998253000000005,2040100,0.2368048077943912,0.9790199783570953,56.63132633333362,57.88080600000001
1067,1067,2017-03-29,59.02,59.830002,58.91,59.139998999999996,57.88080600000001,2663200,57.88080600000001,2663200,0.20331921382580964,1.278038334572137,57.52195000000029,57.910164
1068,1068,2017-03-30,58.919998,59.220001,58.529999,59.169998,57.910164,2283400,57.910164,2283400,0.424304155611139,1.0957767847559392,57.96889133333362,57.59698100000001
1069,1069,2017-03-31,59.130001,59.25,58.73,58.849998,57.59698100000001,2443900,57.59698100000001,2443900,-0.47353795918251496,1.1727988456972234,57.92974100000029,57.743786
1070,1070,2017-04-03,58.720001,59.139998999999996,58.41,59.0,57.743786,4364200,57.743786,4364200,0.4768375259394096,2.0943282140807,57.795983666666956,57.89059399999999
1071,1071,2017-04-04,58.82,59.18,58.57,59.150002,57.89059399999999,2390700,57.89059399999999,2390700,0.5610370622237341,1.147268791852511,57.75031033333362,57.802517
1072,1072,2017-04-05,59.150002,59.98,58.919998,59.060001,57.802517,2357100,57.802517,2357100,-0.15215722224320616,1.1311445473190085,57.74378700000028,58.223354
1073,1073,2017-04-06,59.080002,59.509997999999996,58.860001000000004,59.490002000000004,58.223354,2492300,58.223354,2492300,0.6939742486806342,1.1960254360371494,57.81229900000028,58.331005000000005
1074,1074,2017-04-07,59.529999,59.790001000000004,58.970001,59.599998,58.331005000000005,2552500,58.331005000000005,2552500,0.11758609302177682,1.224914707493008,57.97215500000028,57.978676
1075,1075,2017-04-10,59.57,59.610001000000004,59.040001000000004,59.240002000000004,57.978676,1618400,57.978676,1618400,-0.5539667617928424,0.7766511116970359,58.11895866666695,58.370158999999994
1076,1076,2017-04-11,59.18,59.689999,59.02,59.639998999999996,58.370158999999994,1944600,58.370158999999994,1944600,0.7772879351132076,0.9331906523764558,58.177678333333624,57.51868399999999
1077,1077,2017-04-12,59.119999,59.779999,58.52,58.77,57.51868399999999,2184400,57.51868399999999,2184400,-0.5920145566984818,1.0482678499697264,58.226613333333624,57.362095
1078,1078,2017-04-13,58.700001,58.990002000000004,58.48,58.610001000000004,57.362095,1535000,57.362095,1535000,-0.15332197353794985,0.7366284333013781,57.955839666666954,57.528468999999994
1079,1079,2017-04-17,58.529999,59.0,58.389998999999996,58.779999,57.528468999999994,1779200,57.528468999999994,1779200,0.4271313929118639,0.8538171391073692,57.75031266666696,57.068484999999995
1080,1080,2017-04-18,58.759997999999996,58.77,58.09,58.310001,57.068484999999995,1580200,57.068484999999995,1580200,-0.76582201381286,0.7583193813047802,57.469749333333624,57.420811
1081,1081,2017-04-19,58.610001000000004,59.040001000000004,58.509997999999996,58.669998,57.420811,1779900,57.420811,1779900,0.10236648861342902,0.8541530608684839,57.31968300000028,58.086327000000004
1082,1082,2017-04-20,58.75,59.48,58.369999,59.349998,58.086327000000004,1461100,58.086327000000004,1461100,1.0212731914893607,0.7011646930922758,57.339255000000286,57.714428000000005
1083,1083,2017-04-21,59.380001,59.48,58.68,58.970001,57.714428000000005,1379000,57.714428000000005,1379000,-0.690468159473417,0.6617658693958308,57.52520766666695,58.027615000000004
1084,1084,2017-04-24,59.5,59.5,58.639998999999996,59.290001000000004,58.027615000000004,2139500,58.027615000000004,2139500,-0.3529394957983131,1.0267208684353735,57.74052200000028,58.184208
1085,1085,2017-04-25,59.349998,60.25,59.130001,59.450001,58.184208,2659000,58.184208,2659000,0.1684970570681417,1.2760228040054489,57.94279000000029,58.262505000000004
1086,1086,2017-04-26,59.639998999999996,59.959998999999996,59.450001,59.529999,58.262505000000004,3771000,58.262505000000004,3771000,-0.18443997626492153,1.8096585159475547,57.975417000000284,58.78121899999999
1087,1087,2017-04-27,59.52,60.459998999999996,59.369999,60.060001,58.78121899999999,4554200,58.78121899999999,4554200,0.9072597446236502,2.185506977811815,58.15810933333362,63.371353000000006
1088,1088,2017-04-28,62.59,66.269997,62.16,64.75,63.371353000000006,10486000,63.371353000000006,10486000,3.451030516056872,5.032107981497231,58.409310666666954,63.880280000000006
1089,1089,2017-05-01,64.629997,65.809998,64.43,65.269997,63.880280000000006,3477600,63.880280000000006,3477600,0.9902522508240261,1.6688593092175064,60.138359000000285,63.890071999999996
1090,1090,2017-05-02,64.839996,65.779999,64.489998,65.279999,63.890071999999996,3874500,63.890071999999996,3874500,0.6785981294631857,1.8593269477695042,62.01095066666695,62.911362
1091,1091,2017-05-03,65.33000200000001,65.339996,64.220001,64.279999,62.911362,3033500,62.911362,3033500,-1.6072294012787627,1.4557409462017787,63.71390166666695,62.754780000000004
1092,1092,2017-05-04,64.32,64.610001,63.41,64.120003,62.754780000000004,2938700,62.754780000000004,2938700,-0.3109406094527305,1.4102475419822538,63.56057133333362,63.508373
1093,1093,2017-05-05,64.389999,65.07,64.099998,64.889999,63.508373,3864300,63.508373,3864300,0.776518104931171,1.8544320878218339,63.185404666666955,63.23434399999999
1094,1094,2017-05-08,64.900002,65.019997,64.5,64.610001,63.23434399999999,3861300,63.23434399999999,3861300,-0.44684282136078163,1.8529924231313426,63.05817166666696,63.46923100000001
1095,1095,2017-05-09,64.5,65.309998,64.290001,64.849998,63.46923100000001,3674600,63.46923100000001,3674600,0.5426325581395339,1.763397290559768,63.16583233333362,63.351776
1096,1096,2017-05-10,64.75,65.239998,64.199997,64.730003,63.351776,1888700,63.351776,1888700,-0.030883397683403233,0.9063649003103014,63.403982666666955,63.371353000000006
1097,1097,2017-05-11,64.739998,64.940002,64.120003,64.75,63.371353000000006,2237400,63.371353000000006,2237400,0.01544949074604554,1.073701926168406,63.351783666666954,62.989666
1098,1098,2017-05-12,64.800003,64.889999,63.919998,64.360001,62.989666,1887800,62.989666,1887800,-0.6790154006628779,0.905933000903154,63.39745333333362,62.921158
1099,1099,2017-05-15,64.75,64.910004,64.199997,64.290001,62.921158,4858900,62.921158,4858900,-0.7104231660231602,2.3317289215427137,63.237598333333615,63.449654
1100,1100,2017-05-16,64.400002,65.059998,64.360001,64.83000200000001,63.449654,2106700,63.449654,2106700,0.6677018426179658,1.0109805344860021,63.09405900000028,62.304565000000004
1101,1101,2017-05-17,64.190002,64.339996,63.619999,63.66,62.304565000000004,2087700,62.304565000000004,2087700,-0.8256768709868715,1.0018626581128904,63.12015933333362,62.461163
1102,1102,2017-05-18,63.689999,64.209999,63.459998999999996,63.82,62.461163,3996700,62.461163,3996700,0.20411524892628752,1.9179692894955163,62.89179233333362,62.735195
1103,1103,2017-05-19,63.77,64.389999,63.57,64.099998,62.735195,3758900,62.735195,3758900,0.5174815744080229,1.8038518683625733,62.73846066666695,63.204983
1104,1104,2017-05-22,64.050003,64.760002,64.0,64.58000200000001,63.204983,2814700,63.204983,2814700,0.8274769323586194,1.350741401441947,62.50030766666695,63.293053
1105,1105,2017-05-23,64.720001,64.900002,64.290001,64.66999799999999,63.293053,3054200,63.293053,3054200,-0.07726050560475702,1.4656746325661685,62.80044700000028,62.989666
1106,1106,2017-05-24,64.82,64.889999,64.300003,64.360001,62.989666,1286100,62.989666,1286100,-0.7096559703795068,0.6171842528136171,63.07774366666695,63.713898
1107,1107,2017-05-25,64.66999799999999,65.199997,64.550003,65.099998,63.713898,1547300,63.713898,1547300,0.6649142002447671,0.7425310585323923,63.16256733333361,63.567097
1108,1108,2017-05-26,65.150002,65.18,64.730003,64.949997,63.567097,1643300,63.567097,1643300,-0.306991548519069,0.7886003286281137,63.332205666666944,64.036873
1109,1109,2017-05-30,64.779999,65.470001,64.360001,65.43,64.036873,2422000,64.036873,2422000,1.0033976690861064,1.162289293456637,63.42355366666694,63.958576
1110,1110,2017-05-31,65.400002,65.58000200000001,64.879997,65.349998,63.958576,2820000,63.958576,2820000,-0.07645871325814527,1.353284809061815,63.77262266666694,65.279839
1111,1111,2017-06-01,65.5,66.860001,65.41999799999999,66.699997,65.279839,1399500,65.279839,1399500,1.8320564885496124,0.671603578114188,63.85418200000027,65.984512
1112,1112,2017-06-02,66.739998,67.66999799999999,66.440002,67.41999799999999,65.984512,1737900,65.984512,1737900,1.0188792633766526,0.8339977552016058,64.42509600000028,66.46408100000001
1113,1113,2017-06-05,67.629997,69.279999,67.07,67.910004,66.46408100000001,3871800,66.46408100000001,3871800,0.4140278166802191,1.8580312495480622,65.07430900000027,66.777252
1114,1114,2017-06-06,67.940002,69.25,67.75,68.230003,66.777252,2470400,66.777252,2470400,0.4268486774551309,1.1855158837965631,65.90947733333361,66.718536
1115,1115,2017-06-07,68.349998,68.739998,67.769997,68.16999799999999,66.718536,1683900,66.718536,1683900,-0.26335041004683984,0.8080837907727625,66.4086150000003,66.659813
1116,1116,2017-06-08,68.120003,68.41999799999999,67.559998,68.110001,66.659813,1188800,66.659813,1188800,-0.014682911860705684,0.5704911280186828,66.65328966666698,64.868782
1117,1117,2017-06-09,68.010002,68.160004,66.050003,66.279999,64.868782,2163500,64.868782,2163500,-2.543747903433375,1.0382381859593037,66.71853366666697,64.38922099999999
1118,1118,2017-06-12,67.370003,67.370003,64.790001,65.790001,64.38922099999999,2853800,64.38922099999999,2853800,-2.3452603972720523,1.3695050312413501,66.0823770000003,65.054733
1119,1119,2017-06-13,65.82,66.639999,65.699997,66.470001,65.054733,1438300,65.054733,1438300,0.9875432999088471,0.6902232414445421,65.30593866666696,64.545815
1120,1120,2017-06-14,66.529999,66.980003,65.459999,65.949997,64.545815,1141600,64.545815,1141600,-0.8717901829519153,0.5478404035549532,64.7709120000003,64.52623
1121,1121,2017-06-15,65.550003,66.07,65.150002,65.93,64.52623,1630900,64.52623,1630900,0.5797055417373558,0.782649714574083,64.66325633333362,64.633888
1122,1122,2017-06-16,65.889999,66.290001,65.529999,66.040001,64.633888,2867000,64.633888,2867000,0.22765518633563894,1.375839555879512,64.70892600000029,65.906212
1123,1123,2017-06-19,66.16999799999999,67.400002,65.889999,67.339996,65.906212,1222800,65.906212,1222800,1.7681699189412199,0.5868073278442508,64.56864433333362,65.426643
1124,1124,2017-06-20,67.32,67.459999,66.800003,66.849998,65.426643,1067100,65.426643,1067100,-0.6981610219845423,0.5120887304077527,65.02211000000028,65.720268
1125,1125,2017-06-21,67.0,67.519997,66.860001,67.150002,65.720268,921400,65.720268,921400,0.2238835820895532,0.4421690152728923,65.32224766666695,65.906212
1126,1126,2017-06-22,66.889999,67.720001,66.769997,67.339996,65.906212,961700,65.906212,961700,0.6727418249774472,0.46150851094849205,65.68437433333362,66.865341
1127,1127,2017-06-23,67.57,68.410004,67.150002,68.32,66.865341,2342400,66.865341,2342400,1.1099600414385082,1.1240901903356013,65.68437433333362,65.876846
1128,1128,2017-06-26,68.33000200000001,68.709999,67.150002,67.309998,65.876846,1384500,65.876846,1384500,-1.4927615544340453,0.6644052546617315,66.16394033333363,64.927498
1129,1129,2017-06-27,67.209999,67.389999,66.279999,66.339996,64.927498,1273900,64.927498,1273900,-1.2944547135017768,0.6113296164056192,66.21613300000028,65.720268
1130,1130,2017-06-28,66.559998,67.290001,65.93,67.150002,65.720268,1015000,65.720268,1015000,0.886424305481511,0.48708655361622066,65.8898950000003,64.721977
1131,1131,2017-06-29,67.059998,67.139999,65.360001,66.129997,64.721977,1953800,64.721977,1953800,-1.3868193076891981,0.9376056240939624,65.5082040000003,65.054733
1132,1132,2017-06-30,66.519997,66.83000200000001,66.160004,66.470001,65.054733,1355100,65.054733,1355100,-0.07515935396089578,0.6502965406949168,65.12324766666696,64.105377
1133,1133,2017-07-03,66.769997,66.980003,65.129997,65.5,64.105377,1249300,64.105377,1249300,-1.9020474121033786,0.5995243659435906,65.16565933333362,65.162399
1134,1134,2017-07-05,65.66999799999999,66.889999,65.339996,66.58000200000001,65.162399,1125400,65.162399,1125400,1.3857225943573426,0.5400662142263002,64.62736233333364,63.645393000000006
1135,1135,2017-07-06,66.18,66.57,64.949997,65.029999,63.645393000000006,1495900,63.645393000000006,1495900,-1.7376866122695722,0.7178648035019749,64.77416966666698,64.34027900000001
1136,1136,2017-07-07,65.290001,66.040001,65.18,65.739998,64.34027900000001,2035100,64.34027900000001,2035100,0.6892280488707546,0.9766205372062765,64.30438966666698,63.948788
1137,1137,2017-07-10,65.480003,65.650002,64.620003,65.339996,63.948788,2626700,63.948788,2626700,-0.21381642270235862,1.2605224141711593,64.38269033333366,63.919433999999995
1138,1138,2017-07-11,65.18,65.459999,64.839996,65.309998,63.919433999999995,1393000,63.919433999999995,1393000,0.1994446149125288,0.6684843046181235,63.97815333333366,64.310913
1139,1139,2017-07-12,66.160004,66.5,65.57,65.709999,64.310913,1202800,64.310913,1202800,-0.6801768028913728,0.5772095632409756,64.06950033333365,63.831348
1140,1140,2017-07-13,65.940002,65.949997,64.790001,65.220001,63.831348,930400,63.831348,930400,-1.0919032122565153,0.4464880093443662,64.05971166666698,64.428368
1141,1141,2017-07-14,65.349998,65.989998,65.309998,65.83000200000001,64.428368,1022400,64.428368,1022400,0.7345126468098868,0.4906377265194325,64.0205650000003,64.819847
1142,1142,2017-07-17,65.849998,66.449997,65.559998,66.230003,64.819847,2333000,64.819847,2333000,0.5770767069727125,1.119579240972062,64.19020966666697,64.751343
1143,1143,2017-07-18,66.16999799999999,66.220001,65.480003,66.160004,64.751343,1033700,64.751343,1033700,-0.015103521689681544,0.49606046352028305,64.35985433333364,64.17390400000001
1144,1144,2017-07-19,66.339996,66.339996,65.459999,65.57,64.17390400000001,979100,64.17390400000001,979100,-1.160681408542753,0.46985856615334154,64.66651933333365,64.066238
1145,1145,2017-07-20,65.709999,65.93,65.260002,65.459999,64.066238,1043800,64.066238,1043800,-0.380459600980971,0.5009073346449371,64.58169800000032,63.987938
1146,1146,2017-07-21,65.209999,65.83000200000001,65.120003,65.379997,63.987938,1050900,63.987938,1050900,0.2606931492208837,0.5043145410790998,64.33049500000031,64.34027900000001
1147,1147,2017-07-24,65.25,65.769997,65.0,65.739998,64.34027900000001,969000,64.34027900000001,969000,0.7509547892720305,0.4650116950286875,64.07602666666696,64.15432
1148,1148,2017-07-25,65.82,65.970001,65.309998,65.550003,64.15432,1340200,64.15432,1340200,-0.41020510483134215,0.6431462060654768,64.1314850000003,63.244125
1149,1149,2017-07-26,65.57,65.900002,64.43,64.620003,63.244125,1521100,63.244125,1521100,-1.4488287326521219,0.7299579869021017,64.16084566666696,62.167549
1150,1150,2017-07-27,63.43,64.08000200000001,62.57,63.52,62.167549,3185500,62.167549,3185500,0.1418886962005414,1.5286839571866708,63.9129080000003,63.22455600000001
1151,1151,2017-07-28,64.599998,65.610001,64.16999799999999,64.599998,63.22455600000001,2793100,63.22455600000001,2793100,0.0,1.3403758156704098,63.188664666666966,62.999446999999996
1152,1152,2017-07-31,64.480003,65.400002,64.040001,64.370003,62.999446999999996,1670600,62.999446999999996,1670600,-0.1705955255616217,0.8017012773115845,62.87874333333364,63.430088
1153,1153,2017-08-01,64.480003,64.970001,64.150002,64.809998,63.430088,1660500,63.430088,1660500,0.5117788223427917,0.7968544061869305,62.79718400000031,62.715626
1154,1154,2017-08-02,64.809998,64.849998,63.880001,64.08000200000001,62.715626,1654100,62.715626,1654100,-1.126363250312067,0.7937831215138823,63.21803033333364,62.226268999999995
1155,1155,2017-08-03,63.900002,64.290001,63.25,63.580002,62.226268999999995,1753600,62.226268999999995,1753600,-0.5007824569395166,0.8415320004151768,63.0483870000003,61.73691899999999
1156,1156,2017-08-04,63.560001,63.970001,62.900002,63.080002,61.73691899999999,1282200,61.73691899999999,1282200,-0.7551903594211703,0.6153126887159784,62.79066100000029,62.030525
1157,1157,2017-08-07,63.139998999999996,63.650002,62.740002000000004,63.380001,62.030525,1530000,62.030525,1530000,0.3801108707651454,0.7342289921505593,62.226271333333635,61.815212
1158,1158,2017-08-08,63.18,63.490002000000004,62.860001000000004,63.16,61.815212,1200400,61.815212,1200400,-0.031655587211147716,0.5760578314885826,61.99790433333364,61.159473
1159,1159,2017-08-09,62.970001,63.049999,62.360001000000004,62.490002000000004,61.159473,1680000,61.159473,1680000,-0.7622661463829409,0.8062122266751238,61.86088533333364,60.288422
1160,1160,2017-08-10,62.580002,62.709998999999996,61.549999,61.599998,60.288422,1603800,60.288422,1603800,-1.5660018674975449,0.769644743536645,61.668403333333636,60.787567
1161,1161,2017-08-11,61.849998,62.32,61.529999,62.110001000000004,60.787567,1158600,60.787567,1158600,0.42037673145923893,0.5559985034677372,61.08770233333363,61.570533999999995
1162,1162,2017-08-14,62.360001000000004,63.25,62.349998,62.91,61.570533999999995,1339600,61.570533999999995,1339600,0.8819740076655749,0.6428582731273785,60.7451540000003,62.089249
1163,1163,2017-08-15,62.959998999999996,63.610001000000004,62.669998,63.439999,62.089249,1119500,62.089249,1119500,0.7623888304064363,0.537234873668334,60.88217433333364,62.598183
1164,1164,2017-08-16,63.450001,64.010002,63.150002,63.959998999999996,62.598183,1759600,62.598183,1759600,0.8037793411539835,0.8444113297961595,61.482450000000306,62.010952
1165,1165,2017-08-17,63.810001,64.690002,63.299999,63.360001000000004,62.010952,2644200,62.010952,2644200,-0.7052186067196516,1.2689204581990252,62.08598866666697,62.881995999999994
1166,1166,2017-08-18,63.279999,64.57,63.189999,64.25,62.881995999999994,2250000,62.881995999999994,2250000,1.53287138958394,1.0797485178684694,62.23279466666698,63.547539
1167,1167,2017-08-21,64.190002,64.970001,63.689999,64.93,63.547539,1809400,63.547539,1809400,1.1528243915617884,0.8683097636583149,62.497043666666976,63.978149
1168,1168,2017-08-22,65.010002,65.550003,64.760002,65.370003,63.978149,1239500,63.978149,1239500,0.5537624810409895,0.5948214612879857,62.813495666666974,63.390933999999994
1169,1169,2017-08-23,65.220001,65.389999,64.599998,64.769997,63.390933999999994,1388000,63.390933999999994,1388000,-0.6899785236127071,0.6660848634673047,63.46922800000031,63.66497
1170,1170,2017-08-24,64.779999,65.360001,64.360001,65.050003,63.66497,1632200,63.66497,1632200,0.4168014883729778,0.7832735692732959,63.63887400000031,63.86071
1171,1171,2017-08-25,65.339996,65.5,65.010002,65.25,63.86071,1238900,63.86071,1238900,-0.13773493343954185,0.5945335283498875,63.67801766666697,63.253914
1172,1172,2017-08-28,65.300003,65.489998,64.449997,64.629997,63.253914,1646500,63.253914,1646500,-1.0260428318816472,0.7901359709646377,63.63887133333364,63.880280000000006
1173,1173,2017-08-29,64.269997,65.769997,64.019997,65.269997,63.880280000000006,1439600,63.880280000000006,1439600,1.5559359680692064,0.690847096143755,63.593198000000314,64.721977
1174,1174,2017-08-30,65.18,66.290001,64.860001,66.129997,64.721977,1231700,64.721977,1231700,1.4574976986805708,0.5910783330927083,63.66496800000031,66.336853
1175,1175,2017-08-31,66.260002,67.849998,65.989998,67.779999,66.336853,2238400,66.336853,2238400,2.2939887626324,1.0741818143985697,63.95205700000031,66.826202
1176,1176,2017-09-01,67.860001,68.41999799999999,67.099998,68.279999,66.826202,1544400,66.826202,1544400,0.6189183522116464,0.7411393826649174,64.97970333333365,66.11174
1177,1177,2017-09-05,67.970001,68.449997,66.910004,67.550003,66.11174,2461500,66.11174,2461500,-0.617916718877189,1.1812448785481056,65.96167733333364,66.19004100000001
1178,1178,2017-09-06,67.889999,68.269997,67.300003,67.629997,66.19004100000001,1509000,66.19004100000001,1509000,-0.3829754070257094,0.7241513393171202,66.42493166666696,67.530861
1179,1179,2017-09-07,67.709999,69.910004,67.650002,69.0,67.530861,3449500,67.530861,3449500,1.9051853774211456,1.6553744499499046,66.37599433333362,67.873421
1180,1180,2017-09-08,69.16999799999999,69.849998,68.790001,69.349998,67.873421,1782600,67.873421,1782600,0.2602284302509404,0.855448759089926,66.61088066666697,68.989143
1181,1181,2017-09-11,69.610001,70.5,69.16999799999999,70.489998,68.989143,2425400,68.989143,2425400,1.264181852259998,1.1639209134391937,67.19810766666696,69.468712
1182,1182,2017-09-12,70.360001,71.07,69.879997,70.980003,69.468712,1659100,69.468712,1659100,0.8811853200513734,0.7961825626647011,68.13114166666696,69.00872
1183,1183,2017-09-13,70.699997,71.129997,70.25,70.510002,69.00872,1728800,69.00872,1728800,-0.2687340990976225,0.8296307723071156,68.77709200000028,70.408264
1184,1184,2017-09-14,70.0,72.269997,69.769997,71.940002,70.408264,3677900,70.408264,3677900,2.771431428571438,1.7649809217193082,69.15552500000028,69.958061
1185,1185,2017-09-15,71.91999799999999,72.190002,71.260002,71.480003,69.958061,6083200,69.958061,6083200,-0.6117839435979909,2.91925608173221,69.62856533333361,67.824493
1186,1186,2017-09-18,71.43,71.43,69.07,69.300003,67.824493,7359900,67.824493,7359900,-2.9819361612767783,3.531929385182288,69.79168166666695,68.176819
1187,1187,2017-09-19,70.18,70.300003,69.41999799999999,69.660004,68.176819,2857100,68.176819,2857100,-0.7409461385010061,1.3710886624008907,69.39693933333363,68.215965
1188,1188,2017-09-20,69.779999,69.949997,68.870003,69.699997,68.215965,1506500,68.215965,1506500,-0.1146488981749734,0.7229516187417108,68.65312433333362,68.000641
1189,1189,2017-09-21,69.660004,69.949997,69.199997,69.480003,68.000641,1153100,68.000641,1153100,-0.25839935352286847,0.5533591182018365,68.07242566666696,68.14746099999999
1190,1190,2017-09-22,69.32,69.720001,68.970001,69.629997,68.14746099999999,1293300,68.14746099999999,1293300,0.44719705712638474,0.6206394480707962,68.13114166666695,67.91256
1191,1191,2017-09-25,69.459999,69.75,68.68,69.389999,67.91256,1431600,67.91256,1431600,-0.10077742730746826,0.6870079903024449,68.12135566666693,68.382347
1192,1192,2017-09-26,69.510002,70.0,69.08000200000001,69.870003,68.382347,2427400,68.382347,2427400,0.5179125156693233,1.1648806898995212,68.02022066666694,69.55680100000001
1193,1193,2017-09-27,70.0,71.489998,69.849998,71.07,69.55680100000001,1935200,69.55680100000001,1935200,1.528571428571419,0.9286797030129165,68.14745600000028,69.272972
1194,1194,2017-09-28,70.639999,71.379997,70.529999,70.779999,69.272972,2251900,69.272972,2251900,0.19818799827559533,1.0806603055057806,68.61723600000029,69.801468
1195,1195,2017-09-29,70.949997,71.459999,70.650002,71.32,69.801468,1706000,69.801468,1706000,0.5214982602465748,0.8186893206593817,69.07070666666696,70.78997
1196,1196,2017-10-02,71.349998,72.82,71.33000200000001,72.33000200000001,70.78997,2030600,70.78997,2030600,1.3735165066157509,0.9744610401705396,69.5437470000003,70.515923
1197,1197,2017-10-03,72.199997,72.760002,71.910004,72.050003,70.515923,1707600,70.515923,1707600,-0.20774793106984815,0.8194571418276437,69.95480333333363,70.261475
1198,1198,2017-10-04,72.019997,72.410004,71.58000200000001,71.790001,70.261475,1194300,70.261475,1194300,-0.3193501938079779,0.5731305132845835,70.36912033333363,70.036362
1199,1199,2017-10-05,72.019997,72.050003,71.230003,71.559998,70.036362,1681800,70.036362,1681800,-0.6387101071387304,0.8070760254894186,70.5224560000003,69.9972
1200,1200,2017-10-06,71.529999,71.900002,71.260002,71.519997,69.9972,1009900,69.9972,1009900,-0.013982944414692451,0.4846391236423854,70.27125333333363,69.918915
1201,1201,2017-10-09,71.519997,71.720001,71.290001,71.440002,69.918915,1134500,69.918915,1134500,-0.11184983690644829,0.5444331971207905,70.09834566666699,69.889557
1202,1202,2017-10-10,71.620003,71.650002,71.269997,71.410004,69.889557,2137800,69.889557,2137800,-0.29321277744151486,1.0259050584440952,69.98415900000032,69.9972
1203,1203,2017-10-11,71.08000200000001,71.58000200000001,70.910004,71.519997,69.9972,1524000,69.9972,1524000,0.619013769864548,0.7313496627695766,69.9352240000003,70.222305
1204,1204,2017-10-12,71.639999,72.07,71.389999,71.75,70.222305,1938900,70.222305,1938900,0.15354690331583742,0.9304552894645224,69.9352240000003,72.003563
1205,1205,2017-10-13,73.059998,73.860001,72.07,73.57,72.003563,2182700,72.003563,2182700,0.6980591485918192,1.0474520399784482,70.03635400000032,70.545296
1206,1206,2017-10-16,73.5,73.57,71.459999,72.08000200000001,70.545296,2504300,70.545296,2504300,-1.9319700680272007,1.2017840947991147,70.74102266666698,70.96614100000001
1207,1207,2017-10-17,71.970001,72.809998,71.900002,72.510002,70.96614100000001,2258500,70.96614100000001,2258500,0.7503140093050766,1.0838275678248614,70.92372133333363,71.142303
1208,1208,2017-10-18,72.400002,72.75,72.160004,72.690002,71.142303,779400,71.142303,779400,0.4005524751228684,0.3740248865896378,71.17166666666697,71.249962
1209,1209,2017-10-19,72.660004,73.339996,72.209999,72.800003,71.249962,1309500,71.249962,1309500,0.19267684048022224,0.6284136373994492,70.8845800000003,71.45548199999999
1210,1210,2017-10-20,72.83000200000001,73.370003,72.510002,73.010002,71.45548199999999,3458700,71.45548199999999,3458700,0.24715089256758857,1.6597894216674112,71.11946866666695,70.90741
1211,1211,2017-10-23,73.220001,73.459999,72.33000200000001,72.449997,70.90741,1966100,70.90741,1966100,-1.0516306876313757,0.9435082493249768,71.28258233333361,70.83890500000001
1212,1212,2017-10-24,73.0,73.029999,72.16999799999999,72.379997,70.83890500000001,3600100,70.83890500000001,3600100,-0.8493191780821876,1.7276456174125674,71.20428466666695,70.27125500000001
1213,1213,2017-10-25,72.08000200000001,72.459999,71.720001,71.800003,70.27125500000001,2337000,70.27125500000001,2337000,-0.3884558715744814,1.121498793892717,71.06726566666696,69.801468
1214,1214,2017-10-26,72.139999,72.16999799999999,71.129997,71.32,69.801468,2929000,69.801468,2929000,-1.1366773099068241,1.4055926261496654,70.67252333333361,63.919433999999995
1215,1215,2017-10-27,64.41999799999999,65.5,62.860001000000004,65.309998,63.919433999999995,7823600,63.919433999999995,7823600,1.381558565090301,3.7544535575092257,70.3038760000003,65.044945
1216,1216,2017-10-30,65.019997,66.610001,64.75,66.459999,65.044945,3327400,65.044945,3327400,2.2147063464183065,1.596780097046909,67.99738566666696,66.082375
1217,1217,2017-10-31,67.510002,68.980003,67.339996,67.519997,66.082375,3069900,66.082375,3069900,0.014805213603761306,1.4732088777797396,66.25528233333362,64.095596
1218,1218,2017-11-01,67.730003,67.900002,64.870003,65.489998,64.095596,3290100,64.095596,3290100,-3.3072566082715165,1.5788802660618007,65.01558466666695,64.076027
1219,1219,2017-11-02,65.07,65.75,64.75,65.470001,64.076027,2657100,64.076027,2657100,0.6147241432303722,1.2751110163681378,65.07430533333363,64.036873
1220,1220,2017-11-03,65.389999,65.839996,65.209999,65.43,64.036873,1865500,64.036873,1865500,0.061172963162155314,0.8952314933705021,64.75133266666695,64.310913
1221,1221,2017-11-06,65.360001,65.809998,65.059998,65.709999,64.310913,1359900,64.310913,1359900,0.5354926478657787,0.6526000041997029,64.06949866666696,64.516441
1222,1222,2017-11-07,65.779999,66.239998,65.66999799999999,65.91999799999999,64.516441,1404900,64.516441,1404900,0.21282913062979658,0.6741949745570723,64.1412710000003,64.868782
1223,1223,2017-11-08,65.849998,66.470001,65.599998,66.279999,64.868782,1331700,64.868782,1331700,0.6530007791344266,0.6390671561090848,64.28807566666696,64.085823
1224,1224,2017-11-09,65.870003,66.110001,64.690002,65.480003,64.085823,1491800,64.085823,1491800,-0.5920752728673787,0.7158972617583034,64.56537866666696,63.919433999999995
1225,1225,2017-11-10,65.309998,65.559998,64.93,65.309998,63.919433999999995,1327900,63.919433999999995,1327900,0.0,0.6372435808344624,64.49034866666696,64.076027
1226,1226,2017-11-13,65.129997,65.550003,64.970001,65.470001,64.076027,1398800,64.076027,1398800,0.522039022971233,0.6712676563530734,64.29134633333364,63.684540000000005
1227,1227,2017-11-14,65.449997,65.620003,64.790001,65.07,63.684540000000005,1025700,63.684540000000005,1025700,-0.5805913176741675,0.4922213576789729,64.02709466666697,63.400711
1228,1228,2017-11-15,64.82,65.150002,64.239998,64.779999,63.400711,1211600,63.400711,1211600,-0.061710891700076397,0.5814325796664167,63.89333366666696,64.144539
1229,1229,2017-11-16,64.769997,65.769997,64.620003,65.540001,64.144539,1032300,64.144539,1032300,1.18882821624957,0.4953886199980538,63.720426000000295,64.00753
1230,1230,2017-11-17,65.529999,66.099998,65.08000200000001,65.400002,64.00753,1656600,64.00753,1656600,-0.19837784523696242,0.7949828420892917,63.74326333333363,64.33049799999999
1231,1231,2017-11-20,65.339996,65.779999,65.129997,65.730003,64.33049799999999,1887700,64.33049799999999,1887700,0.5968886193381419,0.9058850120801376,63.850926666666965,65.260262
1232,1232,2017-11-21,66.029999,66.730003,65.540001,66.68,65.260262,1802700,65.260262,1802700,0.9844025592064648,0.8650945125162177,64.16085566666696,68.538933
1233,1233,2017-11-22,66.779999,71.43,66.269997,70.029999,68.538933,8604900,68.538933,8604900,4.866726637716781,4.129390231736174,64.53276333333362,69.067436
1234,1234,2017-11-24,70.470001,70.809998,69.660004,70.57,69.067436,2052800,69.067436,2052800,0.14190293540650983,0.9851145588801751,66.04323100000029,68.039787
1235,1235,2017-11-27,70.629997,70.879997,69.199997,69.519997,68.039787,3072400,68.039787,3072400,-1.5715702210775961,1.4744085983551491,67.62221033333363,68.2649
1236,1236,2017-11-28,69.510002,69.889999,68.209999,69.75,68.2649,2831100,68.2649,2831100,0.34527117406787,1.3586115684166329,68.54871866666696,68.28447
1237,1237,2017-11-29,69.910004,70.610001,69.58000200000001,69.769997,68.28447,2142000,68.28447,2142000,-0.20026747531011027,1.027920589010783,68.45737433333363,69.18489100000001
1238,1238,2017-11-30,69.940002,70.970001,69.809998,70.690002,69.18489100000001,2920500,69.18489100000001,2920500,1.0723476959580298,1.4015135761932733,68.19638566666697,68.675957
1239,1239,2017-12-01,70.339996,70.769997,69.07,70.16999799999999,68.675957,1323600,68.675957,1323600,-0.24168042318342858,0.6351800614447582,68.57808700000031,68.304047
1240,1240,2017-12-04,70.339996,70.68,69.550003,69.790001,68.304047,2421400,68.304047,2421400,-0.7819093421614576,1.1620013605185386,68.71510600000029,68.597649
1241,1241,2017-12-05,70.059998,70.529999,69.790001,70.089996,68.597649,1657500,68.597649,1657500,0.042817586149525994,0.7954147414964391,68.72163166666695,68.098518
1242,1242,2017-12-06,70.129997,70.459999,69.349998,69.58000200000001,68.098518,1189800,68.098518,1189800,-0.7842507108619947,0.5709710162488466,68.52588433333362,68.450859
1243,1243,2017-12-07,69.449997,69.989998,69.029999,69.940002,68.450859,1691200,68.450859,1691200,0.7055507864168961,0.8115869748529579,68.33340466666696,68.92063900000001
1244,1244,2017-12-08,70.309998,70.5,69.790001,70.41999799999999,68.92063900000001,1374400,68.92063900000001,1374400,0.15645001156165506,0.6595583835370775,68.38234200000029,68.63681
1245,1245,2017-12-11,70.230003,70.650002,70.0,70.129997,68.63681,1415200,68.63681,1415200,-0.14239782959996938,0.6791378233277591,68.49000533333363,68.861908
1246,1246,2017-12-12,70.019997,70.489998,69.769997,70.360001,68.861908,958300,68.861908,958300,0.48558128330110223,0.4598768909659352,68.66943600000029,68.176819
1247,1247,2017-12-13,70.58000200000001,70.75,69.309998,69.660004,68.176819,3394600,68.176819,3394600,-1.3034825360305413,1.629028586113914,68.80645233333361,67.110008
1248,1248,2017-12-14,69.75,70.209999,68.550003,68.57,67.110008,1698500,67.110008,1698500,-1.6917562724014437,0.8150901589331535,68.55851233333361,67.941925
1249,1249,2017-12-15,68.75,69.589996,68.199997,69.41999799999999,67.941925,3302000,67.941925,3302000,0.9745425454545346,1.5845909360007493,68.0495783333336,67.511299
1250,1250,2017-12-18,69.790001,70.279999,68.790001,68.980003,67.511299,1816800,67.511299,1816800,-1.160621848966598,0.8718609365615267,67.74291733333361,67.16873199999999
1251,1251,2017-12-19,68.809998,69.550003,68.610001,68.629997,67.16873199999999,1521600,67.16873199999999,1521600,-0.261591346071526,0.7301979310171836,67.5210773333336,67.061089
1252,1252,2017-12-20,69.089996,69.129997,68.389999,68.519997,67.061089,1802800,67.061089,1802800,-0.8250094557828541,0.8651425013392341,67.54065200000026,66.44450400000001
1253,1253,2017-12-21,68.599998,68.91999799999999,67.809998,67.889999,66.44450400000001,2107000,66.44450400000001,2107000,-1.0349839951890323,1.0111245009550511,67.24704000000027,65.945366
1254,1254,2017-12-22,67.800003,68.0,67.139999,67.379997,65.945366,2514700,65.945366,2514700,-0.6194778486956715,1.2067749323928179,66.89144166666694,66.238976
1255,1255,2017-12-26,67.470001,68.0,67.120003,67.68,66.238976,1409100,66.238976,1409100,0.311247957444095,0.6762105051237601,66.48365300000027,66.17047099999999
1256,1256,2017-12-27,67.809998,68.209999,67.440002,67.610001,66.17047099999999,1194300,66.17047099999999,1194300,-0.29493733357726426,0.5731305132845835,66.2096153333336,66.483643
1257,1257,2017-12-28,67.82,67.989998,67.260002,67.93,66.483643,874700,66.483643,874700,0.1621940430551661,0.4197582349242445,66.11827100000026,65.955139
1258,1258,2017-12-29,67.730003,68.040001,67.379997,67.389999,65.955139,980000,65.955139,980000,-0.5019990918943165,0.4702904655604889,66.29769666666691,67.110008
1259,1259,2018-01-02,67.550003,69.0,67.540001,68.57,67.110008,1294400,67.110008,1294400,1.5099880898598765,0.6211673251239763,66.20308433333359,67.599373
1260,1260,2018-01-03,68.540001,69.16999799999999,68.5,69.07,67.599373,1109700,67.599373,1109700,0.7732696122954382,0.5325319690127291,66.51626333333358,67.540649
1261,1261,2018-01-04,69.239998,69.379997,68.339996,69.010002,67.540649,1022600,67.540649,1022600,-0.33217216441860653,0.49073370416546525,66.88817333333358,69.02828199999999
1262,1262,2018-01-05,69.529999,70.540001,69.18,70.529999,69.02828199999999,2411100,69.02828199999999,2411100,1.4382281236621333,1.1570585117478518,67.41667666666692,69.087013
1263,1263,2018-01-08,70.120003,70.769997,70.010002,70.589996,69.087013,1196600,69.087013,1196600,0.6702695092582959,0.5742342562139602,68.05610133333357,70.173386
1264,1264,2018-01-09,70.57,71.800003,70.300003,71.699997,70.173386,1719900,70.173386,1719900,1.6012427377072456,0.825359767058658,68.55198133333357,70.80954
1265,1265,2018-01-10,71.660004,72.620003,70.970001,72.349998,70.80954,1848200,70.80954,1848200,0.9628718413133199,0.886929426988669,69.42956033333357,71.093361
1266,1266,2018-01-11,72.25,73.43,72.199997,72.639999,71.093361,1501000,71.093361,1501000,0.5397910034602118,0.7203122334758101,70.02331300000024,71.34783900000001
1267,1267,2018-01-12,72.66999799999999,73.160004,72.050003,72.900002,71.34783900000001,1750700,71.34783900000001,1750700,0.316504756199399,0.8401403245477019,70.6920956666669,69.116371
1268,1268,2018-01-16,72.25,72.400002,70.559998,70.620003,69.116371,2152000,69.116371,2152000,-2.2560512110726685,1.0327194713124206,71.08358000000025,68.78360699999999
1269,1269,2018-01-17,71.209999,71.25,70.08000200000001,70.279999,68.78360699999999,1945600,68.78360699999999,1945600,-1.3059963671674713,0.9336705406066196,70.51919033333358,68.01042199999999
1270,1270,2018-01-18,70.279999,70.5,68.860001,69.489998,68.01042199999999,2434600,68.01042199999999,2434600,-1.1240765669333657,1.1683358851567003,69.74927233333358,67.442787
1271,1271,2018-01-19,69.400002,69.400002,68.160004,68.910004,67.442787,3157800,67.442787,3157800,-0.7060489710072342,1.5153910532111345,68.63680000000024,67.65810400000001
1272,1272,2018-01-22,69.269997,69.410004,68.620003,69.129997,67.65810400000001,2531300,67.65810400000001,2531300,-0.20210770328169722,1.2147410770135363,68.0789386666669,67.71682
1273,1273,2018-01-23,68.900002,69.860001,68.629997,69.190002,67.71682,2911600,67.71682,2911600,0.42089984264442587,1.3972425709448157,67.70377100000026,66.258545
1274,1274,2018-01-24,69.57,69.709999,67.639999,67.699997,66.258545,3603900,66.258545,3603900,-2.687944516314499,1.7294691926871897,67.60590366666692,66.601097
1275,1275,2018-01-25,68.139999,68.82,67.93,68.050003,66.601097,2528300,66.601097,2528300,-0.1320751413571334,1.213301412323045,67.21115633333358,67.139381
1276,1276,2018-01-26,68.410004,68.809998,68.120003,68.599998,67.139381,2332000,67.139381,2332000,0.27772838604131445,1.119099352741898,66.8588206666669,67.26661700000001
1277,1277,2018-01-29,68.480003,69.050003,68.08000200000001,68.730003,67.26661700000001,2438800,67.26661700000001,2438800,0.36507007746480385,1.170351415723388,66.66634100000023,67.883202
1278,1278,2018-01-30,69.019997,69.900002,68.129997,69.360001,67.883202,3413400,67.883202,3413400,0.4926166542719399,1.6380504848409927,67.00236500000024,67.65810400000001
1279,1279,2018-01-31,69.5,69.779999,68.83000200000001,69.129997,67.65810400000001,2276800,67.65810400000001,2276800,-0.5323784172661827,1.0926095224368584,67.42973333333357,66.835991
1280,1280,2018-02-01,68.889999,69.059998,67.949997,68.290001,66.835991,1301500,66.835991,1301500,-0.8709508037589017,0.6245745315581391,67.60264100000023,64.976433
1281,1281,2018-02-02,67.83000200000001,68.010002,66.379997,66.389999,64.976433,2218000,64.976433,2218000,-2.1229588051611796,1.064392094503229,67.45909900000022,62.059886999999996
1282,1282,2018-02-05,66.400002,66.699997,63.400002,63.41,62.059886999999996,3887600,62.059886999999996,3887600,-4.5030149246079905,1.8656134835846496,66.49017600000023,62.627541
1283,1283,2018-02-06,62.700001,64.260002,61.23,63.990002000000004,62.627541,5219200,62.627541,5219200,2.0574178300252397,2.504632650870718,64.6241036666669,62.128395
1284,1284,2018-02-07,62.490002000000004,64.57,61.529999,63.48,62.128395,6285400,62.128395,6285400,1.5842502293406755,3.0162894818713233,63.22128700000022,59.916515000000004
1285,1285,2018-02-08,63.27,63.490002000000004,61.18,61.220001,59.916515000000004,3131400,59.916515000000004,3131400,-3.2400806069227115,1.5027220039348113,62.27194100000022,60.004604
1286,1286,2018-02-09,61.560001,62.23,59.75,61.310001,60.004604,3790800,60.004604,3790800,-0.4061078556512694,1.8191603029047974,61.55748366666688,61.159473
1287,1287,2018-02-12,61.68,63.110001000000004,61.27,62.490002000000004,61.159473,2686900,61.159473,2686900,1.313232814526596,1.289411685627018,60.68317133333355,61.159473
1288,1288,2018-02-13,62.029999,62.799999,60.799999,62.490002000000004,61.159473,2692800,61.159473,2692800,0.7415815047812713,1.2922430261849842,60.36019733333355,60.895229
1289,1289,2018-02-14,62.200001,62.900002,61.93,62.220001,60.895229,2849400,60.895229,2849400,0.032154340319067075,1.3673935230286296,60.77451666666688,63.028812
1290,1290,2018-02-15,62.700001,64.440002,62.150002,64.400002,63.028812,2284300,63.028812,2284300,2.711325315608847,1.0962086841630865,61.07139166666688,62.852642
1291,1291,2018-02-16,64.400002,64.83000200000001,63.990002000000004,64.220001,62.852642,2522400,62.852642,2522400,-0.2795046497048312,1.2104700717650787,61.69450466666689,61.658615000000005
1292,1292,2018-02-20,63.990002000000004,64.5,62.93,63.0,61.658615000000005,1485100,61.658615000000005,1485100,-1.5471198141234688,0.7126820106162062,62.25889433333356,62.020741
1293,1293,2018-02-21,63.07,64.480003,62.98,63.369999,62.020741,1447500,62.020741,1447500,0.4756603773584901,0.6946382131620487,62.513356333333554,61.570533999999995
1294,1294,2018-02-22,63.41,64.120003,62.73,62.91,61.570533999999995,2054000,61.570533999999995,2054000,-0.7885191610156127,0.9856904247563717,62.17733266666689,63.156043999999994
1295,1295,2018-02-23,63.23,64.540001,62.830002,64.529999,63.156043999999994,1698100,63.156043999999994,1698100,2.0559845010280036,0.814898203641088,61.74996333333356,62.881995999999994
1296,1296,2018-02-26,64.68,65.0,63.990002000000004,64.25,62.881995999999994,1465600,62.881995999999994,1465600,-0.6648113790971039,0.7033241901280128,62.249106333333565,62.588387
1297,1297,2018-02-27,64.540001,65.41999799999999,63.950001,63.950001,62.588387,2582900,62.588387,2582900,-0.9141617459844839,1.2395033096899866,62.536191333333555,62.793921999999995
1298,1298,2018-02-28,64.290001,65.16999799999999,64.050003,64.160004,62.793921999999995,2434500,62.793921999999995,2434500,-0.20220407213868766,1.168287896333684,62.87547566666689,61.042038
1299,1299,2018-03-01,64.269997,64.83000200000001,61.990002000000004,62.369999,61.042038,2506000,61.042038,2506000,-2.9562752274595616,1.202599904790393,62.75476833333355,61.599895
1300,1300,2018-03-02,62.139998999999996,63.290001000000004,62.099998,62.939999,61.599895,4135400,61.599895,4135400,1.2874155340749271,1.9845297870192304,62.14144900000022,62.960304
1301,1301,2018-03-05,62.759997999999996,64.519997,62.549999,64.33000200000001,62.960304,3451000,62.960304,3451000,2.501599824780128,1.6560942822951503,61.81195166666689,63.596462
1302,1302,2018-03-06,64.639999,65.050003,64.41999799999999,64.980003,63.596462,2631900,63.596462,2631900,0.5259962952660214,1.263017832968011,61.86741233333356,63.655190000000005
1303,1303,2018-03-07,64.699997,65.279999,64.040001,65.040001,63.655190000000005,1986900,63.655190000000005,1986900,0.5255085251395105,0.953489924512383,62.71888700000023,62.304565000000004
1304,1304,2018-03-08,64.989998,65.129997,63.400002,63.66,62.304565000000004,2751100,62.304565000000004,2751100,-2.0464656730717294,1.3202205100035316,63.403985333333566,63.52795
1305,1305,2018-03-09,64.010002,64.980003,63.77,64.910004,63.52795,1868400,63.52795,1868400,1.4060333883445286,0.896623169237977,63.185405666666895,63.263702
1306,1306,2018-03-12,64.91999799999999,65.07,64.449997,64.639999,63.263702,1563900,63.263702,1563900,-0.43129853454399286,0.7504972031531109,63.16256833333356,61.707558
1307,1307,2018-03-13,64.150002,64.949997,62.549999,63.049999,61.707558,2121500,61.707558,2121500,-1.714735722065918,1.0180828802924258,63.03207233333356,60.719063
1308,1308,2018-03-14,63.0,63.220001,61.650002,62.040001000000004,60.719063,3705400,60.719063,3705400,-1.5238079365079304,1.7781778480488117,62.83307000000023,60.464588
1309,1309,2018-03-15,62.16,62.27,61.400002,61.779999,60.464588,2330100,60.464588,2330100,-0.6113272200772202,1.118187565104587,61.89677433333356,59.955666
1310,1310,2018-03-16,61.889998999999996,62.169998,60.689999,61.259997999999996,59.955666,4148500,59.955666,4148500,-1.0179366782668717,1.9908163228343758,60.963736333333564,59.104186999999996
1311,1311,2018-03-19,60.860001000000004,61.029999,59.689999,60.389998999999996,59.104186999999996,3074300,59.104186999999996,3074300,-0.7722674864892098,1.4753203859924602,60.37977233333356,58.174416
1312,1312,2018-03-20,60.549999,60.810001,59.32,59.439999,58.174416,3690900,58.174416,3690900,-1.8331957363038098,1.7712194687114373,59.84148033333356,58.585480000000004
1313,1313,2018-03-21,59.610001000000004,60.759997999999996,59.509997999999996,59.860001000000004,58.585480000000004,4869300,58.585480000000004,4869300,0.41939271230678216,2.336719759136417,59.0780896666669,56.246365000000004
1314,1314,2018-03-22,58.48,59.470001,57.439999,57.470001,56.246365000000004,2453200,56.246365000000004,2453200,-1.7270844733242023,1.1772618062377462,58.62136100000023,55.306796999999996
1315,1315,2018-03-23,57.57,58.209998999999996,56.490002000000004,56.509997999999996,55.306796999999996,2417200,55.306796999999996,2417200,-1.841240229286094,1.1599858299518508,57.668753666666895,56.539981999999995
1316,1316,2018-03-26,57.200001,57.810001,56.650002,57.77,56.539981999999995,2992000,56.539981999999995,2992000,0.9965017308303943,1.4358255846499826,56.712880666666884,56.422531000000006
1317,1317,2018-03-27,58.130001,58.41,57.16,57.650002,56.422531000000006,4375900,56.422531000000006,4375900,-0.8257336861219036,2.0999429063736157,56.031048000000204,57.391449
1318,1318,2018-03-28,57.869999,59.049999,57.869999,58.639998999999996,57.391449,4876300,57.391449,4876300,1.3305685386308648,2.3400789767475634,56.08977000000021,56.765071999999996
1319,1319,2018-03-29,58.279999,58.93,57.849998,58.0,56.765071999999996,4517000,56.765071999999996,4517000,-0.48043755113996583,2.167655135649723,56.78465400000021,55.884239
1320,1320,2018-04-02,57.48,58.049999,56.009997999999996,57.099998,55.884239,4450000,55.884239,4450000,-0.6611029923451592,2.1355026242287507,56.85968400000021,55.434036
1321,1321,2018-04-03,57.380001,57.52,55.290001000000004,56.639998999999996,55.434036,6743500,55.434036,6743500,-1.2896514240214183,3.236126280109344,56.68025333333353,56.481255000000004
1322,1322,2018-04-04,56.310001,57.880001,56.139998999999996,57.709998999999996,56.481255000000004,3625600,56.481255000000004,3625600,2.486233306939555,1.7398827672817434,56.02778233333353,56.882518999999995
1323,1323,2018-04-05,57.939999,58.439999,57.639998999999996,58.119999,56.882518999999995,3294500,56.882518999999995,3294500,0.3106662117822952,1.5809917742745212,55.93317666666687,55.21870799999999
1324,1324,2018-04-06,57.790001000000004,58.029999,56.150002,56.419998,55.21870799999999,2983700,55.21870799999999,2983700,-2.370657512187972,1.4318425123396232,56.26593666666687,55.365524
1325,1325,2018-04-09,56.860001000000004,57.369999,56.540001000000004,56.57,55.365524,3362900,55.365524,3362900,-0.5100263716140345,1.6138161292177227,56.19416066666687,55.531906000000006
1326,1326,2018-04-10,57.119999,57.380001,56.470001,56.740002000000004,55.531906000000006,2253300,55.531906000000006,2253300,-0.6652608659884535,1.08133214902801,55.82225033333353,55.668921999999995
1327,1327,2018-04-11,56.18,57.43,56.16,56.880001,55.668921999999995,2572400,55.668921999999995,2572400,1.2459967960128164,1.234464483273267,55.3720460000002,55.952746999999995
1328,1328,2018-04-12,57.200001,57.41,56.740002000000004,57.169998,55.952746999999995,1617800,55.952746999999995,1617800,-0.05245279628579144,0.7763631787589377,55.52211733333354,55.698283999999994
1329,1329,2018-04-13,57.560001,57.560001,56.560001,56.91,55.698283999999994,1708700,55.698283999999994,1708700,-1.129258145773839,0.8199850188808239,55.71785833333354,56.70635600000001
1330,1330,2018-04-16,57.299999,58.189999,56.98,57.939999,56.70635600000001,1875700,56.70635600000001,1875700,1.116928466264023,0.9001263533181725,55.77331766666688,57.782936
1331,1331,2018-04-17,58.490002000000004,59.310001,57.82,59.040001000000004,57.782936,3198800,57.782936,3198800,0.9403299387816736,1.535066470647849,56.119129000000214,58.027615000000004
1332,1332,2018-04-18,59.330002,59.450001,58.98,59.290001000000004,58.027615000000004,1847800,58.027615000000004,1847800,-0.06742120116563728,0.8867374716966034,56.72919200000022,57.665485
1333,1333,2018-04-19,58.950001,59.209998999999996,58.470001,58.919998,57.665485,2023500,57.665485,2023500,-0.05089567343688538,0.9710538337363769,57.50563566666688,56.99018100000001
1334,1334,2018-04-20,58.689999,58.98,58.139998999999996,58.23,56.99018100000001,2332700,56.99018100000001,2332700,-0.783777488222488,1.1194352745030127,57.82534533333355,57.313156000000006
1335,1335,2018-04-23,59.400002,59.439999,58.080002,58.560001,57.313156000000006,2327500,57.313156000000006,2327500,-1.414143050028855,1.1169398557061612,57.561093666666885,56.70635600000001
1336,1336,2018-04-24,58.869999,59.0,57.400002,57.939999,56.70635600000001,2386700,56.70635600000001,2386700,-1.5797520227578052,1.145349238931856,57.32294066666688,57.097843000000005
1337,1337,2018-04-25,57.75,58.41,57.349998,58.34,57.097843000000005,1743100,57.097843000000005,1743100,1.0216450216450277,0.8364931739984574,57.00323100000022,57.733996999999995
1338,1338,2018-04-26,58.610001000000004,59.209998999999996,58.139998999999996,58.990002000000004,57.733996999999995,2448200,57.733996999999995,2448200,0.6483552184208289,1.1748623650869274,57.039118333333555,58.164627
1339,1339,2018-04-27,59.029999,59.560001,58.860001000000004,59.43,58.164627,1704600,58.164627,1704600,0.6776232538984173,0.8180174771371524,57.179398666666884,57.009754
1340,1340,2018-04-30,59.59,59.669998,58.25,58.25,57.009754,3092300,57.009754,3092300,-2.248699446215814,1.483958374135408,57.665489000000214,57.55783100000001
1341,1341,2018-05-01,58.220001,58.82,57.740002000000004,58.810001,57.55783100000001,1685900,57.55783100000001,1685900,1.0133974405118893,0.80904356723309,57.63612600000022,56.70635600000001
1342,1342,2018-05-02,58.290001000000004,58.709998999999996,57.080002,57.939999,56.70635600000001,4120600,56.70635600000001,4120600,-0.6004494664530945,1.9774274412128068,57.57740400000023,53.917033999999994
1343,1343,2018-05-03,52.18,55.799999,52.049999,55.09,53.917033999999994,6287200,53.917033999999994,6287200,5.57684936757379,3.0171532806856183,57.0913136666669,56.02125899999999
1344,1344,2018-05-04,54.759997999999996,57.619999,54.759997999999996,57.240002000000004,56.02125899999999,4531200,56.02125899999999,4531200,4.528860647511361,2.174469548518048,56.060407000000225,56.823795
1345,1345,2018-05-07,57.75,58.959998999999996,57.580002,58.060001,56.823795,4267800,56.823795,4267800,0.5367982683982679,2.048066988692913,55.54821633333355,57.50889599999999
1346,1346,2018-05-08,57.82,59.209998999999996,57.610001000000004,58.759997999999996,57.50889599999999,3951800,57.50889599999999,3951800,1.625731580767893,1.8964223079611633,55.58736266666688,58.086327000000004
1347,1347,2018-05-09,58.84,59.84,58.57,59.349998,58.086327000000004,2941800,58.086327000000004,2941800,0.8667539089054996,1.4117351954957615,56.784650000000205,58.986743999999995
1348,1348,2018-05-10,59.509997999999996,60.34,59.349998,60.27,58.986743999999995,2477900,58.986743999999995,2477900,1.2770996900386506,1.1891150455227912,57.47300600000022,59.534824
1349,1349,2018-05-11,60.490002000000004,60.950001,60.32,60.830002,59.534824,3194800,59.534824,3194800,0.5620763576764244,1.533146917727194,58.193989000000215,57.79272099999999
1350,1350,2018-05-14,60.66,60.700001,58.689999,59.049999,57.79272099999999,2352000,57.79272099999999,2352000,-2.6541394658753656,1.1286971173451734,58.86929833333355,57.058693000000005
1351,1351,2018-05-15,58.619999,58.790001000000004,57.919998,58.299999,57.058693000000005,2200800,57.058693000000005,2200800,-0.5458887844743912,1.0561380169444121,58.77142966666688,58.693130000000004
1352,1352,2018-05-16,58.48,60.259997999999996,58.220001,59.970001,58.693130000000004,2837200,58.693130000000004,2837200,2.547881326949396,1.3615388866206317,58.12874600000023,59.329292
1353,1353,2018-05-17,59.82,61.189999,59.82,60.619999,59.329292,2328500,59.329292,2328500,1.337343697759946,1.117419743936325,57.84818133333355,60.033962
1354,1354,2018-05-18,63.0,63.220001,61.0,61.34,60.033962,4935000,60.033962,4935000,-2.6349206349206296,2.3682484158581762,58.360371666666886,59.456524
1355,1355,2018-05-21,61.599998,61.919998,60.650002,60.75,59.456524,3302600,59.456524,3302600,-1.3798669279177564,1.5848788689388476,59.35212800000022,58.44846
1356,1356,2018-05-22,60.810001,61.07,57.939999,59.720001,58.44846,1876200,58.44846,1876200,-1.7924683145458202,0.9003662974332544,59.60659266666689,58.203781000000006
1357,1357,2018-05-23,59.290001000000004,59.740002000000004,58.810001,59.470001,58.203781000000006,1743800,58.203781000000006,1743800,0.3035925062642514,0.836829095759572,59.312982000000225,58.174416
1358,1358,2018-05-24,59.32,59.68,58.490002000000004,59.439999,58.174416,1564400,58.174416,1564400,0.20229096426163176,0.7507371472681927,58.70292166666689,58.663768999999995
1359,1359,2018-05-25,59.599998,60.599998,59.599998,59.939999,58.663768999999995,1320600,58.663768999999995,1320600,0.5704714956534074,0.633740396754267,58.27555233333356,58.203781000000006
1360,1360,2018-05-29,59.330002,59.990002000000004,59.029999,59.470001,58.203781000000006,1727300,58.203781000000006,1727300,0.2359666193842419,0.8289109399618699,58.347322000000226,58.888866
1361,1361,2018-05-30,59.759997999999996,60.5,59.0,60.169998,58.888866,1124200,58.888866,1124200,0.6860776668700754,0.5394903483501037,58.347322000000226,58.40930899999999
1362,1362,2018-05-31,60.060001,60.220001,59.490002000000004,59.68,58.40930899999999,1911400,58.40930899999999,1911400,-0.6327022871677942,0.9172583631350189,58.58547200000023,58.458241
1363,1363,2018-06-01,60.110001000000004,60.110001000000004,59.470001,59.73,58.458241,1856800,58.458241,1856800,-0.6321760001301733,0.8910564657680774,58.50065200000023,58.477814
1364,1364,2018-06-04,59.869999,59.959998999999996,59.209998999999996,59.75,58.477814,1494200,58.477814,1494200,-0.20043260732307672,0.7170489935106964,58.58547200000023,59.104186999999996
1365,1365,2018-06-05,59.889998999999996,60.580002,59.720001,60.389998999999996,59.104186999999996,1255600,59.104186999999996,1255600,0.8348639311214548,0.6025476617936223,58.44845466666689,60.004604
1366,1366,2018-06-06,60.540001000000004,61.450001,60.419998,61.310001,60.004604,1631200,60.004604,1631200,1.2718863351191487,0.7827936810431322,58.68008066666689,58.96717099999999
1367,1367,2018-06-07,61.200001,61.400002,59.73,60.25,58.96717099999999,1880700,58.96717099999999,1880700,-1.5522891903220726,0.9025257944689913,59.19553500000021,59.3978
1368,1368,2018-06-08,60.349998,60.810001,59.669998,60.689999,59.3978,1185000,59.3978,1185000,0.5633819573614582,0.5686675527440606,59.35865400000022,59.417374
1369,1369,2018-06-11,60.650002,60.959998999999996,60.32,60.709998999999996,59.417374,1658100,59.417374,1658100,0.09892332732321367,0.7957026744345373,59.45652500000022,59.368446
1370,1370,2018-06-12,60.639998999999996,60.990002000000004,60.0,60.66,59.368446,1263300,59.368446,1263300,0.03298317996344393,0.6062428011658832,59.26078166666688,58.976958999999994
1371,1371,2018-06-13,60.779999,60.98,60.240002000000004,60.259997999999996,58.976958999999994,1326500,58.976958999999994,1326500,-0.8555462463893765,0.6365717373122332,59.39454000000021,59.779499
1372,1372,2018-06-14,60.279999,61.130001,60.259997999999996,61.080002,59.779499,1248400,59.779499,1248400,1.3271450120627968,0.5990924665364432,59.25425966666688,60.552677
1373,1373,2018-06-15,60.98,62.049999,60.619999,61.869999,60.552677,2717800,60.552677,2717800,1.4594932764840984,1.3042402319390782,59.374968000000216,60.063324
1374,1374,2018-06-18,61.41,61.740002000000004,61.220001,61.369999,60.063324,1527100,60.063324,1527100,-0.06513759973945062,0.7328373162830842,59.769711666666886,60.063324
1375,1375,2018-06-19,60.91,61.48,60.669998,61.369999,60.063324,1599700,60.063324,1599700,0.7552109670004981,0.7676772017929736,60.13183333333355,59.759921999999996
1376,1376,2018-06-20,61.5,61.610001000000004,60.919998,61.060001,59.759921999999996,932700,59.759921999999996,932700,-0.715445528455285,0.44759175227374287,60.22644166666688,58.653980000000004
1377,1377,2018-06-21,61.049999,61.32,59.740002000000004,59.93,58.653980000000004,987800,58.653980000000004,987800,-1.8345602266103231,0.47403359375576626,59.96219000000021,58.536537
1378,1378,2018-06-22,60.439999,60.75,59.740002000000004,59.810001,58.536537,5208900,58.536537,5208900,-1.0423527637715555,2.4996898021000313,59.492408666666876,57.929737
1379,1379,2018-06-25,59.59,59.84,58.669998,59.189999,57.929737,1372600,57.929737,1372600,-0.6712552441684899,0.6586945847227827,58.98347966666688,58.389736
1380,1380,2018-06-26,59.200001,60.18,58.950001,59.66,58.389736,1625200,58.389736,1625200,0.7770253247124038,0.7799143516621495,58.373418000000214,57.606773
1381,1381,2018-06-27,59.540001000000004,60.299999,58.830002,58.860001000000004,57.606773,1121900,57.606773,1121900,-1.1420893325144548,0.538386605420727,58.285336666666886,58.487598
1382,1382,2018-06-28,58.869999,59.84,58.799999,59.759997999999996,58.487598,997700,58.487598,997700,1.5118040005402344,0.47878448723438755,57.97541533333355,58.516964
1383,1383,2018-06-29,59.880001,60.32,59.59,59.790001000000004,58.516964,1366600,58.516964,1366600,-0.1503005986923686,0.6558152553418002,58.16136900000021,59.857792
1384,1384,2018-07-02,59.59,61.200001,59.490002000000004,61.16,59.857792,2092700,59.857792,2092700,2.634670246685674,1.0042620992637092,58.20377833333354,60.122046999999995
1385,1385,2018-07-03,61.290001000000004,61.75,61.040001000000004,61.43,60.122046999999995,1023500,60.122046999999995,1023500,0.2284206195395493,0.49116560357261263,58.954118000000214,61.365002000000004
1386,1386,2018-07-05,61.57,62.900002,61.470001,62.700001,61.365002000000004,2307600,61.365002000000004,2307600,1.8353110280980998,1.1073900799259022,59.498934333333544,61.619473
1387,1387,2018-07-06,62.84,63.349998,62.720001,62.959998999999996,61.619473,1655200,61.619473,1655200,0.19095957988541193,0.7943109985670624,60.44828033333354,62.353508
1388,1388,2018-07-09,63.240002000000004,63.880001,63.0,63.709998999999996,62.353508,1443800,62.353508,1443800,0.7431957386718492,0.6928626267104427,61.035507333333534,59.466308999999995
1389,1389,2018-07-10,62.099998,62.130001,60.580002,60.759997999999996,59.466308999999995,2371800,59.466308999999995,2371800,-2.157810053391634,1.1381989043024159,61.77932766666688,58.957386
1390,1390,2018-07-11,60.549999,60.810001,59.959998999999996,60.240002000000004,58.957386,1199700,58.957386,1199700,-0.5119686294296977,0.575721909727468,61.14643000000021,59.691421999999996
1391,1391,2018-07-12,60.669998,61.23,60.490002000000004,60.990002000000004,59.691421999999996,1710700,59.691421999999996,1710700,0.5274501574897108,0.8209447953411514,60.25906766666688,60.161201
1392,1392,2018-07-13,60.970001,61.709998999999996,60.790001000000004,61.470001,60.161201,1301900,60.161201,1301900,0.820075433490644,0.6247664868502046,59.37170566666688,59.730564
1393,1393,2018-07-16,61.43,61.5,60.91,61.029999,59.730564,1188500,59.730564,1188500,-0.6511492755982471,0.5703471615496337,59.603336333333544,59.681625
1394,1394,2018-07-17,60.779999,61.110001000000004,60.650002,60.98,59.681625,853100,59.681625,853100,0.32905726109011674,0.40939264915270723,59.86106233333354,59.378227
1395,1395,2018-07-18,60.799999,60.98,60.360001000000004,60.669998,59.378227,900400,59.378227,900400,-0.21381743772726056,0.4320913624394533,59.85779666666688,59.466308999999995
1396,1396,2018-07-19,60.57,60.970001,60.119999,60.759997999999996,59.466308999999995,1258000,59.466308999999995,1258000,0.31368334158823785,0.6036993935460153,59.59680533333355,59.162918000000005
1397,1397,2018-07-20,60.5,60.880001,60.32,60.450001,59.162918000000005,1218600,59.162918000000005,1218600,-0.08264297520661106,0.584791797277563,59.50872033333354,59.505463
1398,1398,2018-07-23,60.380001,61.080002,60.259997999999996,60.799999,59.505463,1009300,59.505463,1009300,0.6955912438623505,0.48435119070428717,59.33581800000021,59.241206999999996
1399,1399,2018-07-24,61.0,61.18,60.349998,60.529999,59.241206999999996,961900,59.241206999999996,961900,-0.7704934426229565,0.4616044885945248,59.3782300000002,59.750137
1400,1400,2018-07-25,60.630001,61.150002,60.259997999999996,61.049999,59.750137,920700,59.750137,920700,0.6927230629601996,0.4418330935117777,59.303196000000206,59.985034999999996
1401,1401,2018-07-26,61.299999,61.599998,60.98,61.290001000000004,59.985034999999996,1096600,59.985034999999996,1096600,-0.016309951326420012,0.5262454331975838,59.498935666666874,59.828438
1402,1402,2018-07-27,61.299999,61.48,60.630001,61.130001,59.828438,1148100,59.828438,1148100,-0.2773213748339533,0.5509596770510177,59.6587930000002,59.652267
1403,1403,2018-07-30,61.07,61.400002,60.740002000000004,60.950001,59.652267,1077500,59.652267,1077500,-0.19649418699852622,0.5170795680014559,59.85453666666687,60.758205000000004
1404,1404,2018-07-31,61.25,62.189999,61.009997999999996,62.080002,60.758205000000004,1584500,60.758205000000004,1584500,1.3551053061224496,0.7603829006944843,59.821913333333534,60.601608
1405,1405,2018-08-01,61.869999,62.630001,61.220001,61.919998,60.601608,1782600,60.601608,1782600,0.08081299629566777,0.855448759089926,60.079636666666865,61.629261
1406,1406,2018-08-02,61.900002,63.279999,61.540001000000004,62.970001,61.629261,2233700,61.629261,2233700,1.7285928359097675,1.0719263397168,60.337360000000196,65.426643
1407,1407,2018-08-03,65.5,67.57,65.25,66.849998,65.426643,4177600,65.426643,4177600,2.061065648854961,2.0047810703321414,60.99635800000019,65.651756
1408,1408,2018-08-06,66.599998,67.300003,65.58000200000001,67.08000200000001,65.651756,2573600,65.651756,2573600,0.7207267483701848,1.2350403491494635,62.5525040000002,64.545815
1409,1409,2018-08-07,67.540001,67.540001,65.800003,65.949997,64.545815,1849100,64.545815,1849100,-2.354166385043446,0.8873613263958163,64.23588666666687,64.956879
1410,1410,2018-08-08,65.75,66.559998,65.599998,66.370003,64.956879,1737100,64.956879,1737100,0.9429703422053185,0.8336138446174748,65.20807133333354,64.878571
1411,1411,2018-08-09,66.43,67.260002,66.230003,66.290001,64.878571,1525200,64.878571,1525200,-0.21074665060966893,0.7319255286457731,65.05148333333354,63.79220600000001
1412,1412,2018-08-10,65.910004,66.220001,65.019997,65.18,63.79220600000001,1709800,63.79220600000001,1709800,-1.1075769317204014,0.820512895934004,64.79375500000022,62.911362
1413,1413,2018-08-13,65.050003,65.25,63.709998999999996,64.279999,62.911362,2429300,62.911362,2429300,-1.183710936954146,1.1657924775368322,64.54255200000021,62.950516
1414,1414,2018-08-14,64.279999,64.629997,63.720001,64.32,62.950516,2311100,62.950516,2311100,0.06222931024001652,1.1090696887314755,63.8607130000002,62.157761
1415,1415,2018-08-15,63.860001000000004,64.040001,62.98,63.509997999999996,62.157761,2658900,62.157761,2658900,-0.5480786008757,1.2759748151824326,63.2180280000002,63.479012
1416,1416,2018-08-16,63.82,64.889999,63.43,64.860001,63.479012,2632700,63.479012,2632700,1.6295847696646766,1.263401743552142,62.6732130000002,63.899868000000005
1417,1417,2018-08-17,64.75,65.43,64.019997,65.290001,63.899868000000005,1925000,63.899868000000005,1925000,0.8339783783783842,0.9237848430652461,62.86242966666688,64.036873
1418,1418,2018-08-20,65.290001,65.75,65.019997,65.43,64.036873,1484600,64.036873,1484600,0.2144264019845904,0.7124420665011243,63.178880333333545,64.320717
1419,1419,2018-08-21,65.440002,66.269997,64.800003,65.720001,64.320717,1590300,64.320717,1590300,0.4278713194415694,0.7631662524294341,63.805251000000204,64.095596
1420,1420,2018-08-22,65.470001,65.650002,64.910004,65.489998,64.095596,1105800,64.095596,1105800,0.03054376003446769,0.5306604049150905,64.08581933333353,63.880280000000006
1421,1421,2018-08-23,65.389999,65.57,64.82,65.269997,63.880280000000006,983100,63.880280000000006,983100,-0.18351736020060114,0.4717781190739966,64.15106200000021,64.0271
1422,1422,2018-08-24,65.220001,65.699997,65.199997,65.41999799999999,64.0271,835900,64.0271,835900,0.3066497959728584,0.4011385715938905,64.09886433333354,64.232628
1423,1423,2018-08-27,65.75,65.879997,65.449997,65.629997,64.232628,1006900,64.232628,1006900,-0.18251406844106002,0.48319945895189415,64.00099200000021,64.164108
1424,1424,2018-08-28,65.870003,66.050003,65.160004,65.559998,64.164108,881100,64.164108,881100,-0.4706315255519328,0.42282951959729265,64.04666933333355,64.35985600000001
1425,1425,2018-08-29,65.690002,66.190002,65.0,65.760002,64.35985600000001,1108200,64.35985600000001,1108200,0.10656111716969223,0.5318121366674835,64.14127866666688,63.762840000000004
1426,1426,2018-08-30,65.589996,65.860001,65.040001,65.150002,63.762840000000004,1036900,63.762840000000004,1036900,-0.6708248617670272,0.4975961058568071,64.25219733333354,63.723693999999995
1427,1427,2018-08-31,65.150002,65.550003,64.849998,65.110001,63.723693999999995,1513700,63.723693999999995,1513700,-0.06139830970381817,0.7264068139988898,64.09560133333353,63.204983
1428,1428,2018-09-04,64.93,65.160004,64.489998,64.58000200000001,63.204983,1531900,63.204983,1531900,-0.5390389650392721,0.7351407797878704,63.94879666666687,63.332207
1429,1429,2018-09-05,64.400002,64.75,63.970001,64.709999,63.332207,1848100,63.332207,1848100,0.4813617862931055,0.8868814381656526,63.5638390000002,63.508373
1430,1430,2018-09-06,64.690002,65.5,64.529999,64.889999,63.508373,1180100,63.508373,1180100,0.3091621484259595,0.5663161004162581,63.420294666666855,62.86243100000001
1431,1431,2018-09-07,66.050003,66.050003,63.5,64.230003,62.86243100000001,1231600,62.86243100000001,1231600,-2.7554881413101637,0.5910303442696919,63.3485210000002,61.873931999999996
1432,1432,2018-09-10,64.199997,64.199997,62.84,63.220001,61.873931999999996,2117700,61.873931999999996,2117700,-1.5264735915797518,1.0162593050178035,63.2343370000002,62.216480000000004
1433,1433,2018-09-11,63.040001000000004,64.099998,63.02,63.57,62.216480000000004,1977600,62.216480000000004,1977600,0.8407344409781917,0.94902696397186,62.748245333333536,63.400711
1434,1434,2018-09-12,63.689999,64.910004,63.580002,64.779999,63.400711,1597300,63.400711,1597300,1.7114146916535566,0.7665254700405806,62.31761433333353,63.79220600000001
1435,1435,2018-09-13,64.790001,65.489998,64.790001,65.18,63.79220600000001,1542200,63.79220600000001,1542200,0.6019431918206068,0.7400836285585571,62.497041000000195,63.557304
1436,1436,2018-09-14,65.110001,65.349998,64.589996,64.940002,63.557304,1363300,63.557304,1363300,-0.26109506587166237,0.6542316241822597,63.13646566666687,62.833068999999995
1437,1437,2018-09-17,64.980003,64.980003,63.509997999999996,64.199997,62.833068999999995,1175800,62.833068999999995,1175800,-1.20037852260487,0.564252581026554,63.583407000000214,63.009239
1438,1438,2018-09-18,64.150002,64.75,64.029999,64.379997,63.009239,1673100,63.009239,1673100,0.35852687892356166,0.8029009978869939,63.39419300000021,62.627541
1439,1439,2018-09-19,64.470001,64.809998,63.41,63.990002000000004,62.627541,1351500,62.627541,1351500,-0.7445307779660068,0.6485689430663273,63.133204000000205,62.940723
1440,1440,2018-09-20,64.220001,64.559998,64.160004,64.309998,62.940723,1317000,62.940723,1317000,0.14013858392807685,0.6320127991256774,62.82328300000021,62.461163
1441,1441,2018-09-21,64.400002,64.970001,63.759997999999996,63.82,62.461163,5304500,62.461163,5304500,-0.9006241956327895,2.5455671169036873,62.85916766666688,62.422008999999996
1442,1442,2018-09-24,63.380001,63.849998,63.209998999999996,63.779999,62.422008999999996,1410900,62.422008999999996,1410900,0.6311107505346939,0.6770743039380549,62.676475666666875,62.607971
1443,1443,2018-09-25,64.0,64.230003,63.900002,63.970001,62.607971,1469100,62.607971,1469100,-0.04687343749999462,0.705003798933586,62.607965000000206,62.823280000000004
1444,1444,2018-09-26,64.0,64.839996,63.889998999999996,64.190002,62.823280000000004,1152800,62.823280000000004,1152800,0.29687812500001076,0.5532151517327873,62.49704766666687,62.842854
1445,1445,2018-09-27,64.199997,64.599998,64.08000200000001,64.209999,62.842854,952300,62.842854,952300,0.015579439980347765,0.45699756158495264,62.617753333333546,63.038601
1446,1446,2018-09-28,64.089996,64.43,63.869999,64.410004,63.038601,1159000,63.038601,1159000,0.4993103759906638,0.5561904587598027,62.75803500000021,62.686264
1447,1447,2018-10-01,64.699997,64.970001,63.639998999999996,64.050003,62.686264,1430900,62.686264,1430900,-1.0046275581743729,0.6866720685413302,62.90157833333355,62.881995999999994
1448,1448,2018-10-02,64.0,64.760002,63.799999,64.25,62.881995999999994,1479700,62.881995999999994,1479700,0.390625,0.7100906141733219,62.85590633333354,63.341999
1449,1449,2018-10-03,64.400002,64.739998,64.120003,64.720001,63.341999,1639200,63.341999,1639200,0.4968928417113957,0.7866327868844423,62.86895366666687,63.146252000000004
1450,1450,2018-10-04,64.690002,65.269997,63.860001000000004,64.519997,63.146252000000004,2649200,63.146252000000004,2649200,-0.2627994972082444,1.271319899349844,62.97008633333353,63.107108999999994
1451,1451,2018-10-05,64.510002,65.440002,63.889998999999996,64.480003,63.107108999999994,1787900,63.107108999999994,1787900,-0.04650286633071824,0.857992166709794,63.123415666666865,62.363296999999996
1452,1452,2018-10-08,64.410004,64.68,63.189999,63.720001,62.363296999999996,1107000,62.363296999999996,1107000,-1.0712668174962343,0.531236270791287,63.19845333333354,62.216480000000004
1453,1453,2018-10-09,63.779999,64.08000200000001,63.349998,63.57,62.216480000000004,877900,62.216480000000004,877900,-0.32925525759258206,0.42129387726076856,62.87221933333353,61.619473
1454,1454,2018-10-10,63.700001,64.389999,62.900002,62.959998999999996,61.619473,1715200,61.619473,1715200,-1.1616985688901387,0.8231042923768883,62.56229533333353,60.288422
1455,1455,2018-10-11,63.290001000000004,63.619999,61.549999,61.599998,60.288422,3049400,60.288422,3049400,-2.6702527623597354,1.4633711690613824,62.06641666666686,60.79735600000001
1456,1456,2018-10-12,62.18,62.330002,60.93,62.119999,60.79735600000001,1662500,60.79735600000001,1662500,-0.09649565776777058,0.797814182647258,61.37479166666686,61.100754
1457,1457,2018-10-15,61.740002000000004,63.139998999999996,61.169998,62.43,61.100754,1261900,61.100754,1261900,1.1175866175060953,0.605570957643654,60.90175033333353,62.999446999999996
1458,1458,2018-10-16,62.759997999999996,64.599998,62.57,64.370003,62.999446999999996,1350300,62.999446999999996,1350300,2.5653362831528472,0.6479930771901308,60.7288440000002,62.86243100000001
1459,1459,2018-10-17,64.300003,64.33000200000001,62.849998,64.230003,62.86243100000001,1400400,62.86243100000001,1400400,-0.10886469165484704,0.6720354775213354,61.6325190000002,61.40416
1460,1460,2018-10-18,64.059998,64.190002,62.41,62.740002000000004,61.40416,1814200,61.40416,1814200,-2.060562037482407,0.870613227163101,62.320877333333534,61.63904599999999
1461,1461,2018-10-19,63.16,63.790001000000004,62.669998,62.98,61.63904599999999,2324400,61.63904599999999,2324400,-0.2849905003166557,1.1154522021926534,62.422012666666866,61.63904599999999
1462,1462,2018-10-22,62.959998999999996,63.689999,62.740002000000004,62.98,61.63904599999999,1582300,61.63904599999999,1582300,0.03176778957699889,0.7593271465881241,61.96854566666687,62.157761
1463,1463,2018-10-23,62.310001,63.959998999999996,62.16,63.509997999999996,62.157761,1719400,62.157761,1719400,1.9258497524337965,0.8251198229435761,61.560750666666856,60.503746
1464,1464,2018-10-24,63.310001,63.880001,61.700001,61.82,60.503746,2161200,60.503746,2161200,-2.353500199755169,1.0371344430299272,61.81195100000019,60.993095
1465,1465,2018-10-25,62.290001000000004,63.130001,61.720001,62.32,60.993095,2069800,60.993095,2069800,0.048160217560434065,0.9932726587929591,61.433517666666866,54.367241
1466,1466,2018-10-26,52.139998999999996,56.560001,50.91,55.549999,54.367241,7646600,54.367241,7646600,6.540084513618813,3.6695133407702394,61.21820066666686,57.156567
1467,1467,2018-10-29,58.529999,59.32,57.880001,58.400002,57.156567,5746400,57.156567,5746400,-0.2221031987374473,2.7576297258130547,58.62136066666687,56.226791000000006
1468,1468,2018-10-30,58.68,59.34,57.029999,57.450001,56.226791000000006,4018600,56.226791000000006,4018600,-2.096112815269256,1.9284788417361027,57.505634333333525,56.060402
1469,1469,2018-10-31,57.82,58.419998,57.209998999999996,57.279999,56.060402,3539800,56.060402,3539800,-0.933934624697343,1.6987083571336925,55.91686633333353,56.216999
1470,1470,2018-11-01,57.240002000000004,58.259997999999996,57.220001,57.439999,56.216999,2024100,56.216999,2024100,0.34940075648494245,0.9713417666744751,56.481253333333534,55.512329
1471,1471,2018-11-02,57.669998,58.060001,56.16,56.720001,55.512329,2372400,55.512329,2372400,-1.647298479184959,1.1384868372405141,56.16806400000021,55.443821
1472,1472,2018-11-05,56.91,57.490002000000004,56.419998,56.650002,55.443821,1336300,55.443821,1336300,-0.456858197153393,0.6412746419678381,55.9299100000002,56.373592
1473,1473,2018-11-06,56.540001000000004,57.610001000000004,56.450001,57.599998,56.373592,1495100,56.373592,1495100,1.8747735784440394,0.7174808929178439,55.724383000000195,57.293587
1474,1474,2018-11-07,58.139998999999996,58.900002,58.0,58.540001000000004,57.293587,1499800,57.293587,1499800,0.6879979478499952,0.7197363675996136,55.77658066666686,56.814011
1475,1475,2018-11-08,58.450001,58.900002,57.990002000000004,58.049999,56.814011,1374500,56.814011,1374500,-0.6843490045449283,0.6596063723600939,56.37033333333353,56.344234
1476,1476,2018-11-09,57.919998,58.040001000000004,57.130001,57.57,56.344234,2314200,56.344234,2314200,-0.6042783357830905,1.110557342244983,56.827063333333534,55.551479
1477,1477,2018-11-12,57.400002,57.759997999999996,56.66,56.759997999999996,55.551479,1236100,55.551479,1236100,-1.1149895081885268,0.593189841305429,56.81727733333353,55.20893100000001
1478,1478,2018-11-13,56.93,57.389998999999996,55.98,56.41,55.20893100000001,1338900,55.20893100000001,1338900,-0.9134024240295154,0.6425223513662639,56.23657466666686,55.297008999999996
1479,1479,2018-11-14,56.75,57.02,56.23,56.5,55.297008999999996,1542300,55.297008999999996,1542300,-0.4405286343612335,0.7401316173815735,55.7015480000002,56.050625
1480,1480,2018-11-15,56.169998,57.380001,55.790001000000004,57.27,56.050625,1208500,56.050625,1208500,1.9583443816394714,0.579944926152909,55.3524730000002,56.657421
1481,1481,2018-11-16,57.040001000000004,58.310001,55.990002000000004,57.889998999999996,56.657421,1338500,56.657421,1338500,1.490178795754215,0.6423303960741984,55.5188550000002,55.052338
1482,1482,2018-11-19,57.889998999999996,57.889998999999996,56.080002,56.25,55.052338,1757000,55.052338,1757000,-2.832957381809587,0.8431636203977336,56.0016850000002,55.091488
1483,1483,2018-11-20,56.139998999999996,56.57,55.720001,56.290001000000004,55.091488,1654500,55.091488,1654500,0.267192737213992,0.7939750768059478,55.9201280000002,55.385098
1484,1484,2018-11-21,56.310001,56.830002,55.849998,56.59,55.385098,1194300,55.385098,1194300,0.4972455958578365,0.5731305132845835,55.60041566666686,55.698283999999994
1485,1485,2018-11-23,56.25,57.310001,56.209998999999996,56.91,55.698283999999994,464900,55.698283999999994,464900,1.1733333333333273,0.22310003820313398,55.1763080000002,56.696568000000006
1486,1486,2018-11-26,57.369999,57.990002000000004,57.009997999999996,57.93,56.696568000000006,1671500,56.696568000000006,1671500,0.9761216833906511,0.8021331767187319,55.391623333333534,56.716145
1487,1487,2018-11-27,57.700001,58.400002,57.16,57.950001,56.716145,2057300,56.716145,2057300,0.4332755557491238,0.9872740559159121,55.9266500000002,57.156567
1488,1488,2018-11-28,57.93,58.48,56.919998,58.400002,57.156567,1614800,57.156567,1614800,0.8113274641809096,0.7749235140684464,56.37033233333353,56.128918000000006
1489,1489,2018-11-29,58.049999,58.32,57.310001,57.349998,56.128918000000006,2267800,56.128918000000006,2267800,-1.205858763236155,1.0882905283653845,56.85642666666686,56.67699399999999
1490,1490,2018-11-30,57.599998,58.240002000000004,57.16,57.91,56.67699399999999,2838700,56.67699399999999,2838700,0.5381979353540902,1.3622587189658775,56.66721000000019,56.872738
1491,1491,2018-12-03,58.349998,59.290001000000004,57.93,58.110001000000004,56.872738,2480200,56.872738,2480200,-0.4113059266942826,1.190218788452168,56.654159666666864,54.925102
1492,1492,2018-12-04,58.220001,58.369999,55.93,56.119999,54.925102,1511400,54.925102,1511400,-3.6070112743557035,0.7253030710695132,56.5595500000002,53.701717
1493,1493,2018-12-06,55.25,55.490002000000004,54.169998,54.869999,53.701717,3079600,53.701717,3079600,-0.6877846153846154,1.4778637936123282,56.1582780000002,52.585991
1494,1494,2018-12-07,54.540001000000004,55.16,53.5,53.73,52.585991,2277700,52.585991,2277700,-1.4851503211377037,1.0930414218440057,55.1665190000002,53.280876
1495,1495,2018-12-10,53.619999,54.799999,52.970001,54.439999,53.280876,2631500,53.280876,2631500,1.529280147879153,1.2628258776759456,53.73760333333354,53.79959100000001
1496,1496,2018-12-11,55.02,55.360001000000004,53.959998999999996,54.970001,53.79959100000001,3427700,53.79959100000001,3427700,-0.09087422755361628,1.6449128865323346,53.1895280000002,54.954468000000006
1497,1497,2018-12-12,55.68,57.189999,55.68,56.150002,54.954468000000006,2043600,54.954468000000006,2043600,0.8441127873563236,0.9806995871626685,53.22215266666688,55.561264
1498,1498,2018-12-13,56.169998,56.98,56.169998,56.77,55.561264,2426800,55.561264,2426800,1.068189462994112,1.164592756961423,54.01164500000021,54.719578000000006
1499,1499,2018-12-14,56.279999,57.470001,55.849998,55.91,54.719578000000006,2445300,54.719578000000006,2445300,-0.6574253848156607,1.1734706892194526,54.77177433333353,53.14385600000001
1500,1500,2018-12-17,55.560001,55.939999,53.98,54.299999,53.14385600000001,2382200,53.14385600000001,2382200,-2.267822133408529,1.143189741896119,55.07843666666687,51.969409999999996
1501,1501,2018-12-18,54.779999,54.799999,52.689999,53.099998,51.969409999999996,2532400,51.969409999999996,2532400,-3.066814586834872,1.2152689540667165,54.47489933333353,50.961338
1502,1502,2018-12-19,53.080002,53.419998,51.799999,52.07,50.961338,2418700,50.961338,2418700,-1.9027919403620217,1.1607056622970964,53.277614666666864,49.600933000000005
1503,1503,2018-12-20,51.98,52.549999,49.91,50.68,49.600933000000005,3443900,49.600933000000005,3443900,-2.5009619084263126,1.6526870758609875,52.0248680000002,48.162228000000006
1504,1504,2018-12-21,51.060001,51.52,49.18,49.209998999999996,48.162228000000006,5630500,48.162228000000006,5630500,-3.6231922517980437,2.7020106799370742,50.843893666666865,47.858837
1505,1505,2018-12-24,49.130001,50.080002,48.779999,48.900002,47.858837,1679200,47.858837,1679200,-0.4681436908580552,0.8058283160909928,49.574833000000204,50.462193
1506,1506,2018-12-26,49.080002,51.59,48.93,51.560001,50.462193,2977900,50.462193,2977900,5.052972491728911,1.4290591606046734,48.54066600000019,50.89283
1507,1507,2018-12-27,50.799999,52.0,50.220001,52.0,50.89283,2819700,50.89283,2819700,2.362206739413519,1.3531408425927658,48.82775266666687,50.902615000000004
1508,1508,2018-12-28,52.110001000000004,52.740002000000004,51.450001,52.009997999999996,50.902615000000004,1601900,50.902615000000004,1601900,-0.1919074996755576,0.7687329558993339,49.737953333333536,51.323456
1509,1509,2018-12-31,52.279999,52.66,51.880001,52.439999,51.323456,1318700,51.323456,1318700,0.30604438228853775,0.6328286091169558,50.7525460000002,50.765594
1510,1510,2019-01-02,51.459998999999996,52.139998999999996,51.41,51.869999,50.765594,2134300,50.765594,2134300,0.7967353438930377,1.024225449638522,51.03963366666687,49.620506
1511,1511,2019-01-03,51.610001000000004,51.98,50.509997999999996,50.700001,49.620506,2092500,49.620506,2092500,-1.7632241471958188,1.0041661216176765,50.99722166666687,51.117928000000006
1512,1512,2019-01-04,51.25,52.32,51.02,52.23,51.117928000000006,2143300,51.117928000000006,2143300,1.9121951219512137,1.0285444437099958,50.5698520000002,50.824318
1513,1513,2019-01-07,52.049999,52.740002000000004,51.869999,51.93,50.824318,1937000,50.824318,1937000,-0.23054563363200056,0.9295435018272112,50.50134266666688,51.998775
1514,1514,2019-01-08,52.349998,53.189999,52.09,53.130001,51.998775,2033400,51.998775,2033400,1.489977134287571,0.9758047272149981,50.52091733333355,52.292381
1515,1515,2019-01-09,53.349998,53.84,53.07,53.43,52.292381,1401200,52.292381,1401200,0.14995689409397983,0.6724193881054664,51.31367366666688,52.918751
1516,1516,2019-01-10,53.25,54.169998,53.080002,54.07,52.918751,1412900,52.918751,1412900,1.5399061032863854,0.6780340803983824,51.70515800000021,52.7328
1517,1517,2019-01-11,53.799999,53.98,53.41,53.880001,52.7328,1498900,52.7328,1498900,0.14870260499447288,0.7193044681924662,52.403302333333535,52.889393000000005
1518,1518,2019-01-14,53.34,54.48,53.18,54.040001000000004,52.889393000000005,1515400,52.889393000000005,1515400,1.312337832770904,0.7272226239901682,52.647977333333536,53.290661
1519,1519,2019-01-15,54.189999,54.580002,53.77,54.450001,53.290661,1514200,53.290661,1514200,0.47979701937252306,0.7266467581139717,52.84698133333354,52.49791
1520,1520,2019-01-16,54.549999,54.759997999999996,53.619999,53.639998999999996,52.49791,1887300,52.49791,1887300,-1.6681943477212597,0.9056930567880721,52.97095133333354,52.263020000000004
1521,1521,2019-01-17,53.610001000000004,53.84,52.970001,53.400002,52.263020000000004,2115800,52.263020000000004,2115800,-0.3917160904361919,1.0153475173804922,52.892654666666864,52.90896600000001
1522,1522,2019-01-18,53.900002,54.07,53.240002000000004,54.060001,52.90896600000001,2643900,52.90896600000001,2643900,0.29684414482952914,1.2687764917299762,52.683863666666866,51.851963
1523,1523,2019-01-22,53.779999,53.900002,52.66,52.98,51.851963,4221900,51.851963,4221900,-1.4875400053465968,2.026040118928396,52.55663200000021,52.928546999999995
1524,1524,2019-01-23,52.970001,54.099998,52.810001,54.080002,52.928546999999995,3487200,52.928546999999995,3487200,2.095527617603777,1.6734662362270785,52.341316333333545,53.300453000000005
1525,1525,2019-01-24,54.27,54.630001,53.860001000000004,54.459998999999996,53.300453000000005,2227500,53.300453000000005,2227500,0.35009950248754956,1.0689510326897846,52.56315866666687,53.731079
1526,1526,2019-01-25,54.91,55.400002,54.610001000000004,54.900002,53.731079,1636100,53.731079,1636100,-0.018207976689120296,0.7851451333709346,52.69365433333354,53.780014
1527,1527,2019-01-28,54.52,55.099998,54.419998,54.950001,53.780014,1771700,53.780014,1771700,0.7887032281731423,0.850217977381141,53.320026333333544,53.33959599999999
1528,1528,2019-01-29,54.959998999999996,55.169998,54.32,54.5,53.33959599999999,1573700,53.33959599999999,1573700,-0.8369705392461821,0.7552001078087157,53.603848666666885,53.329811
1529,1529,2019-01-30,54.59,54.790001000000004,54.209998999999996,54.490002000000004,53.329811,4318500,53.329811,4318500,-0.18318006960981748,2.0723973219622156,53.61689633333355,53.740868000000006
1530,1530,2019-01-31,54.529999,55.25,54.459998999999996,54.91,53.740868000000006,3654700,53.740868000000006,3654700,0.6968659581306798,1.753847514779509,53.48314033333355,53.691936
1531,1531,2019-02-01,54.860001000000004,55.25,54.610001000000004,54.860001000000004,53.691936,2167800,53.691936,2167800,0.0,1.040301705349008,53.47009166666689,54.406391000000006
1532,1532,2019-02-04,54.970001,55.779999,54.810001,55.59,54.406391000000006,2935700,54.406391000000006,2935700,1.1278860991834436,1.4088078772917625,53.587538333333555,54.230225
1533,1533,2019-02-05,55.75,56.43,55.389998999999996,55.41,54.230225,2814200,54.230225,2814200,-0.6098654708520241,1.3505014573268652,53.946398333333555,55.071918000000004
1534,1534,2019-02-06,55.060001,58.240002000000004,54.889998999999996,56.27,55.071918000000004,4434400,55.071918000000004,4434400,2.1976007592153937,2.128016367838196,54.10951733333355,54.416183
1535,1535,2019-02-07,55.869999,56.130001,54.970001,55.599998,54.416183,2315800,54.416183,2315800,-0.4832665201944976,1.111325163413245,54.56951133333356,54.817448
1536,1536,2019-02-08,55.330002,56.169998,55.060001,56.009997999999996,54.817448,2017700,54.817448,2017700,1.2289824243996876,0.968270482001427,54.572775333333546,56.275723
1537,1537,2019-02-11,56.16,57.580002,56.040001000000004,57.5,56.275723,3265300,56.275723,3265300,2.3860398860398924,1.5669790379537392,54.768516333333544,57.56761899999999
1538,1538,2019-02-12,57.82,59.150002,57.66,58.82,57.56761899999999,3232400,57.56761899999999,3232400,1.7295053614666205,1.5511907151813513,55.16978466666688,55.717861
1539,1539,2019-02-13,59.189999,59.189999,55.939999,56.93,55.717861,4896300,55.717861,4896300,-3.8182109109344644,2.3496767413508386,56.22026333333355,55.590626
1540,1540,2019-02-14,56.720001,56.91,56.330002,56.799999,55.590626,3288000,55.590626,3288000,0.14104019497460205,1.5778725007784566,56.52040100000022,56.67699399999999
1541,1541,2019-02-15,57.330002,58.0,56.919998,57.91,56.67699399999999,2096800,56.67699399999999,2096800,1.0116832021041902,1.0062296410073808,56.29203533333355,56.314873
1542,1542,2019-02-19,57.59,58.02,57.32,57.540001000000004,56.314873,1445400,56.314873,1445400,-0.08681889216877875,0.6936304478787048,55.99516033333356,56.539981999999995
1543,1543,2019-02-20,57.509997999999996,57.93,57.080002,57.77,56.539981999999995,1384000,56.539981999999995,1384000,0.4520987811545519,0.6641653105466496,56.19416433333356,56.01147099999999
1544,1544,2019-02-21,57.700001,57.700001,57.009997999999996,57.23,56.01147099999999,1572600,56.01147099999999,1572600,-0.8145597779105818,0.7546722307555356,56.510616333333566,56.500828000000006
1545,1545,2019-02-22,57.310001,57.759997999999996,57.009997999999996,57.73,56.500828000000006,1622900,56.500828000000006,1622900,0.7328546373607586,0.7788106087327729,56.28877533333357,55.776585
1546,1546,2019-02-25,58.0,58.07,56.959998999999996,56.990002000000004,55.776585,1658900,55.776585,1658900,-1.7413758620689586,0.7960865850186684,56.35076033333357,55.78636899999999
1547,1547,2019-02-26,56.75,57.169998,56.490002000000004,57.0,55.78636899999999,1822500,55.78636899999999,1822500,0.4405286343612335,0.8745962994734602,56.09629466666689,55.776585
1548,1548,2019-02-27,56.75,57.389998999999996,56.599998,56.990002000000004,55.776585,1800100,55.776585,1800100,0.4229110132158662,0.8638468031177919,56.02126066666688,54.758731999999995
1549,1549,2019-02-28,54.720001,56.290001000000004,54.220001,55.950001,54.758731999999995,3220300,54.758731999999995,3220300,2.24780697646551,1.54538406759637,55.779846333333545,54.758731999999995
1550,1550,2019-03-01,56.419998,56.470001,55.529999,55.950001,54.758731999999995,3031100,54.758731999999995,3031100,-0.8330326420784335,1.4545892144493857,55.440562000000206,54.191074
1551,1551,2019-03-04,56.25,56.330002,55.09,55.369999,54.191074,2701000,54.191074,2701000,-1.5644462222222222,1.296178109672327,55.098016333333554,54.543406999999995
1552,1552,2019-03-05,55.330002,55.849998,54.880001,55.73,54.543406999999995,1664000,54.543406999999995,1664000,0.7229314757660709,0.7985340149925036,54.56951266666689,54.259583
1553,1553,2019-03-06,55.869999,56.209998999999996,55.279999,55.439999,54.259583,3000800,54.259583,3000800,-0.7696438297770504,1.4400486010754237,54.497737666666886,54.22044
1554,1554,2019-03-07,55.360001000000004,55.619999,54.610001000000004,55.400002,54.22044,2878800,54.22044,2878800,0.07225614031328616,1.3815022369954444,54.33135466666689,54.269379
1555,1555,2019-03-08,55.009997999999996,55.68,54.599998,55.450001,54.269379,2572800,54.269379,2572800,0.7998600545304589,1.2346564385653325,54.34114333333355,55.062118999999996
1556,1556,2019-03-11,55.509997999999996,56.470001,55.490002000000004,56.259997999999996,55.062118999999996,3701500,55.062118999999996,3701500,1.3511079571647617,1.7763062839511732,54.249800666666886,55.678711
1557,1557,2019-03-12,56.310001,57.049999,55.950001,56.889998999999996,55.678711,2687700,55.678711,2687700,1.030008861125746,1.289795596211149,54.51731266666689,56.33445
1558,1558,2019-03-13,56.950001,57.810001,56.82,57.560001,56.33445,2629500,56.33445,2629500,1.0711149943614564,1.261866101215618,55.00340300000022,55.923386
1559,1559,2019-03-14,57.630001,57.630001,57.060001,57.139998999999996,55.923386,2622600,55.923386,2622600,-0.8502550607278386,1.258554872427488,55.691760000000215,56.67699399999999
1560,1560,2019-03-15,57.200001,57.93,57.02,57.91,56.67699399999999,3002100,56.67699399999999,3002100,1.2412569713066897,1.4406724557746364,55.97884900000022,56.442101
1561,1561,2019-03-18,57.779999,58.0,57.290001000000004,57.669998,56.442101,1207400,56.442101,1207400,-0.19037902717858635,0.5794170490997289,56.31161000000021,56.354018999999994
1562,1562,2019-03-19,57.950001,58.119999,57.200001,57.580002,56.354018999999994,1759900,56.354018999999994,1759900,-0.6384797128821447,0.8445552962652086,56.34749366666688,56.373592
1563,1563,2019-03-20,57.599998,58.18,57.049999,57.599998,56.373592,1778300,56.373592,1778300,0.0,0.8533852397002218,56.49103800000021,57.03912
1564,1564,2019-03-21,57.049999,58.5,57.049999,58.279999,57.03912,1366300,57.03912,1366300,2.156003543488225,0.6556712888727511,56.38990400000021,55.747218999999994
1565,1565,2019-03-22,58.080002,58.34,56.91,56.959998999999996,55.747218999999994,1318500,55.747218999999994,1318500,-1.9283797545323846,0.6327326314709231,56.58891033333354,55.482967
1566,1566,2019-03-25,57.040001000000004,57.169998,56.220001,56.689999,55.482967,1212500,55.482967,1212500,-0.6136079836324047,0.5818644790735641,56.38664366666688,55.502541
1567,1567,2019-03-26,56.919998,57.389998999999996,56.529999,56.709998999999996,55.502541,1361700,55.502541,1361700,-0.36893711767172477,0.6534638030139976,56.08976866666688,55.414455000000004
1568,1568,2019-03-27,56.650002,56.959998999999996,56.110001000000004,56.619999,55.414455000000004,999600,55.414455000000004,999600,-0.05296204579127935,0.4796962748716987,55.57757566666688,55.336166000000006
1569,1569,2019-03-28,56.700001,57.0,56.150002,56.540001000000004,55.336166000000006,1378400,55.336166000000006,1378400,-0.28218694387676746,0.6614779364577326,55.466654333333544,55.991901
1570,1570,2019-03-29,56.869999,57.349998,56.669998,57.209998999999996,55.991901,1440200,55.991901,1440200,0.5978547669747565,0.6911350290818532,55.417720666666874,56.2953
1571,1571,2019-04-01,57.669998,57.75,56.66,57.52,56.2953,1771100,56.2953,1771100,-0.26009711323381096,0.8499300444430428,55.58084066666688,55.717861
1572,1572,2019-04-02,57.48,57.619999,56.68,56.93,55.717861,1158100,55.717861,1158100,-0.9568545581071628,0.5557585593526553,55.874455666666876,55.903816000000006
1573,1573,2019-04-03,57.259997999999996,57.490002000000004,56.790001000000004,57.119999,55.903816000000006,1678300,55.903816000000006,1678300,-0.24449703962615577,0.8053964166838454,56.00168733333354,55.835304
1574,1574,2019-04-04,57.209998999999996,57.540001000000004,56.709998999999996,57.049999,55.835304,858400,55.835304,858400,-0.27967139100980687,0.41193605677257517,55.97232566666688,56.09955600000001
1575,1575,2019-04-05,57.029999,57.509997999999996,57.0,57.32,56.09955600000001,993100,56.09955600000001,993100,0.5085060583641318,0.4765770013756342,55.81899366666689,55.874451
1576,1576,2019-04-08,57.41,57.580002,56.52,57.09,55.874451,1398000,55.874451,1398000,-0.5573941821982115,0.6708837457689424,55.94622533333356,61.629261
1577,1577,2019-04-09,63.380001,66.029999,61.889998999999996,62.970001,61.629261,15884200,61.629261,15884200,-0.6468917537568304,7.622640625567263,55.93643700000022,62.353508
1578,1578,2019-04-10,63.599998,63.77,61.669998,63.709998999999996,62.353508,5189700,62.353508,5189700,0.1729575526087232,2.490475948080887,57.86775600000021,60.875648
1579,1579,2019-04-11,63.57,63.759997999999996,61.98,62.200001,60.875648,3311000,60.875648,3311000,-2.1551030360232817,1.5889099300722231,59.95240666666688,61.462879
1580,1580,2019-04-12,62.389998999999996,62.84,62.200001,62.799999,61.462879,2586000,61.462879,2586000,0.6571566061413203,1.2409909632034941,61.61947233333354,62.108821999999996
1581,1581,2019-04-15,62.720001,63.599998,62.48,63.459998999999996,62.108821999999996,3062300,62.108821999999996,3062300,1.1798437311887047,1.469561727230495,61.564011666666886,61.707558
1582,1582,2019-04-16,63.779999,63.970001,62.639998999999996,63.049999,61.707558,2196800,61.707558,2196800,-1.1445594409620434,1.054218464023757,61.48244966666689,61.071392
1583,1583,2019-04-17,63.119999,63.43,62.23,62.400002,61.071392,3012500,61.071392,3012500,-1.1406796758662803,1.4456632933683395,61.75975300000022,61.374793999999994
1584,1584,2019-04-18,62.799999,63.009997999999996,61.860001000000004,62.709998999999996,61.374793999999994,2577500,61.374793999999994,2577500,-0.14331210419287332,1.2369119132471023,61.629257333333555,61.335643999999995
1585,1585,2019-04-22,62.439999,63.0,62.240002000000004,62.669998,61.335643999999995,2046300,61.335643999999995,2046300,0.3683520238365145,0.9819952853841106,61.38458133333356,62.470951
1586,1586,2019-04-23,62.93,64.110001,62.860001000000004,63.830002,62.470951,3850100,62.470951,3850100,1.430163673923408,1.8476176749535085,61.26061000000022,62.784138
1587,1587,2019-04-24,63.82,64.400002,63.779999,64.150002,62.784138,2746900,62.784138,2746900,0.5170824193042939,1.3182049794368438,61.72712966666688,63.22455600000001
1588,1588,2019-04-25,63.68,64.959999,63.16,64.599998,63.22455600000001,2906700,63.22455600000001,2906700,1.4447204773869342,1.3948911186170134,62.196911000000206,63.694343999999994
1589,1589,2019-04-26,64.5,65.470001,62.779999,65.08000200000001,63.694343999999994,4821000,63.694343999999994,4821000,0.8992279069767557,2.313541157619507,62.82654833333354,64.477303
1590,1590,2019-04-29,65.0,66.269997,64.839996,65.879997,64.477303,2780800,64.477303,2780800,1.3538415384615432,1.3344731904393954,63.23434600000021,65.035164
1591,1591,2019-04-30,65.540001,66.559998,65.309998,66.449997,65.035164,2563800,65.035164,2563800,1.3884589351776062,1.2303374444938586,63.79873433333355,65.279839
1592,1592,2019-05-01,66.650002,67.110001,66.129997,66.699997,65.279839,2553700,65.279839,2553700,0.0750112505622964,1.2254905733692045,64.40227033333355,66.56195100000001
1593,1593,2019-05-02,66.769997,68.16999799999999,66.43,68.010002,66.56195100000001,3010200,66.56195100000001,3010200,1.8571290335687693,1.444559550438963,64.93076866666688,67.01213800000001
1594,1594,2019-05-03,68.449997,69.339996,68.129997,68.470001,67.01213800000001,2167900,67.01213800000001,2167900,0.029224252559134713,1.0403496941720243,65.62565133333355,67.188324
1595,1595,2019-05-06,67.339996,68.75,67.120003,68.650002,67.188324,2242300,67.188324,2242300,1.9453609709154145,1.0760533784962085,66.28464266666687,66.307487
1596,1596,2019-05-07,67.91999799999999,68.360001,67.410004,67.75,66.307487,2382500,66.307487,2382500,-0.2502915268048043,1.1433337083651682,66.92080433333355,66.57173900000001
1597,1597,2019-05-08,67.760002,68.370003,67.43,68.019997,66.57173900000001,1641800,66.57173900000001,1641800,0.3836998115791135,0.787880496282868,66.83598300000021,67.12958499999999
1598,1598,2019-05-09,67.589996,68.690002,67.239998,68.589996,67.12958499999999,2070700,67.12958499999999,2070700,1.4795088906352354,0.9937045582001065,66.68918333333353,67.47216
1599,1599,2019-05-10,68.230003,69.279999,67.610001,68.940002,67.47216,2279100,67.47216,2279100,1.0405964660444327,1.093713265366235,66.66960366666686,65.730034
1600,1600,2019-05-13,67.879997,68.339996,67.059998,67.160004,65.730034,2704300,65.730034,2704300,-1.0606850792877942,1.2977617408318676,67.0578280000002,66.385773
1601,1601,2019-05-14,67.440002,68.32,67.279999,67.83000200000001,66.385773,2363200,66.385773,2363200,0.578291797796804,1.1340718655230075,66.77725966666686,67.16873199999999
1602,1602,2019-05-15,67.339996,69.07,67.089996,68.629997,67.16873199999999,2832400,67.16873199999999,2832400,1.9156535144433389,1.3592354231158457,66.52932233333352,67.442787
1603,1603,2019-05-16,68.699997,69.650002,68.629997,68.910004,67.442787,2155100,67.442787,2155100,0.30568705847251276,1.0342071248259281,66.42817966666686,67.02195
1604,1604,2019-05-17,68.389999,69.620003,68.33000200000001,68.480003,67.02195,2257200,67.02195,2257200,0.13160403760203784,1.0832037131256484,66.99909733333352,68.069153
1605,1605,2019-05-20,67.910004,69.739998,67.870003,69.550003,68.069153,3262000,68.069153,3262000,2.4149593629828137,1.5653954067941989,67.21115633333353,68.656387
1606,1606,2019-05-21,69.849998,70.760002,69.720001,70.150002,68.656387,3619000,68.656387,3619000,0.4294975069290643,1.7367155049626626,67.51129666666687,68.63681
1607,1607,2019-05-22,69.900002,70.449997,69.559998,70.129997,68.63681,2324700,68.63681,2324700,0.329034325349522,1.1155961686617026,67.9158300000002,68.450859
1608,1608,2019-05-23,69.739998,70.449997,69.410004,69.940002,68.450859,3222800,68.450859,3222800,0.2867852104039449,1.5465837881717792,68.45411666666688,69.087013
1609,1609,2019-05-24,70.129997,70.900002,70.0,70.589996,69.087013,3105200,69.087013,3105200,0.6559233133861339,1.4901489323045205,68.5813520000002,68.715103
1610,1610,2019-05-28,70.629997,71.0,70.040001,70.209999,68.715103,4102200,68.715103,4102200,-0.5946453601010442,1.9685974977777934,68.72489400000019,67.95172099999999
1611,1611,2019-05-29,70.029999,70.25,69.050003,69.43,67.95172099999999,2721500,67.95172099999999,2721500,-0.8567742518459794,1.3060158183906843,68.75099166666686,68.822754
1612,1612,2019-05-30,69.620003,70.699997,69.5,70.32,68.822754,2032800,68.822754,2032800,1.0054538492335259,0.9755167942768999,68.58461233333354,68.48021700000001
1613,1613,2019-05-31,69.940002,70.360001,69.349998,69.970001,68.48021700000001,1987700,68.48021700000001,1987700,0.04289247804137816,0.9538738350965141,68.49652600000019,67.609161
1614,1614,2019-06-03,70.0,70.410004,68.75,69.08000200000001,67.609161,3552700,67.609161,3552700,-1.3142828571428464,1.7048989153028051,68.41823066666684,69.37084200000001
1615,1615,2019-06-04,69.800003,70.910004,69.639999,70.879997,69.37084200000001,3444200,69.37084200000001,3444200,1.547269274472666,1.6528310423300365,68.30404400000018,69.987427
1616,1616,2019-06-05,71.0,71.790001,70.519997,71.510002,69.987427,3005700,69.987427,3005700,0.7183126760563381,1.442400053403226,68.48674000000018,70.71167
1617,1617,2019-06-06,71.540001,72.5,71.480003,72.25,70.71167,2546700,70.71167,2546700,0.9924503635385695,1.2221313557580582,68.9891433333335,71.191238
1618,1618,2019-06-07,72.75,73.239998,72.449997,72.739998,71.191238,1848300,71.191238,1848300,-0.013748453608247516,0.8869774158116853,70.02331300000017,71.152069
1619,1619,2019-06-10,72.849998,73.139999,72.230003,72.699997,71.152069,1677500,71.152069,1677500,-0.20590391780107276,0.8050125060997144,70.63011166666685,70.14402
1620,1620,2019-06-11,72.849998,73.230003,71.239998,71.66999799999999,70.14402,3120800,70.14402,3120800,-1.6197666882571595,1.4976351886950752,71.01832566666685,70.721458
1621,1621,2019-06-12,71.730003,72.41999799999999,71.690002,72.260002,70.721458,2026200,70.721458,2026200,0.7388804932853602,0.972349531957819,70.82910900000017,70.936775
1622,1622,2019-06-13,72.459999,72.690002,72.150002,72.480003,70.936775,1912700,70.936775,1912700,0.027606955942685196,0.9178822178342317,70.67251566666685,70.692101
1623,1623,2019-06-14,72.540001,72.949997,72.199997,72.230003,70.692101,1682600,70.692101,1682600,-0.42734766435970595,0.8074599360735496,70.60075100000019,70.132835
1624,1624,2019-06-17,72.150002,72.33000200000001,71.41999799999999,71.480003,70.132835,1806100,70.132835,1806100,-0.9286195168781897,0.8667261324987745,70.78344466666685,69.338104
1625,1625,2019-06-18,72.0,72.139999,70.519997,70.66999799999999,69.338104,2810300,69.338104,2810300,-1.8472250000000103,1.3486298932292264,70.58723700000019,69.661888
1626,1626,2019-06-19,70.779999,71.309998,70.559998,71.0,69.661888,3217700,69.661888,3217700,0.3108236833967691,1.544136358197944,70.05434666666685,70.397743
1627,1627,2019-06-20,71.690002,72.0,71.0,71.75,70.397743,3061300,70.397743,3061300,0.08369088900289486,1.4690818390003313,69.71094233333353,70.73133100000001
1628,1628,2019-06-21,71.900002,72.400002,71.440002,72.089996,70.73133100000001,3295700,70.73133100000001,3295700,0.26424755871355704,1.5815676401507177,69.7992450000002,71.280792
1629,1629,2019-06-24,72.110001,72.699997,71.57,72.650002,71.280792,1345000,71.280792,1345000,0.7488572909602424,0.6454496695702628,70.2636540000002,69.907158
1630,1630,2019-06-25,72.839996,72.949997,71.0,71.25,69.907158,2268400,69.907158,2268400,-2.182861185220273,1.0885784613034828,70.80328866666687,69.701126
1631,1631,2019-06-26,71.349998,71.779999,70.66999799999999,71.040001,69.701126,1604500,69.701126,1604500,-0.43447373327185745,0.7699806652977597,70.63976033333354,70.437012
1632,1632,2019-06-27,71.08000200000001,72.010002,70.809998,71.790001,70.437012,1805600,70.437012,1805600,0.9988730726259634,0.8664861883836926,70.29635866666688,71.918533
1633,1633,2019-06-28,71.849998,73.360001,71.839996,73.300003,71.918533,6527400,71.918533,6527400,2.018100264943646,3.1324224335709543,70.01509866666686,72.870239
1634,1634,2019-07-01,73.610001,74.41999799999999,73.5,74.269997,72.870239,2453400,72.870239,2453400,0.8966118612062057,1.177357783883779,70.6855570000002,73.53743
1635,1635,2019-07-02,74.519997,75.08000200000001,74.150002,74.949997,73.53743,2526000,73.53743,2526000,0.5770263248936961,1.2121976693936682,71.7419280000002,73.125359
1636,1636,2019-07-03,75.0,76.0,74.120003,74.529999,73.125359,1526800,73.125359,1526800,-0.6266679999999951,0.7326933498140351,72.77540066666688,73.095917
1637,1637,2019-07-05,74.209999,74.5,73.540001,74.5,73.095917,1238300,73.095917,1238300,0.3907842661472125,0.5942455954117892,73.17767600000022,73.154785
1638,1638,2019-07-08,74.239998,74.730003,73.849998,74.559998,73.154785,1670500,73.154785,1670500,0.4310344943705321,0.8016532884885681,73.25290200000022,73.576691
1639,1639,2019-07-09,74.32,75.029999,74.199997,74.989998,73.576691,1574100,73.576691,1574100,0.9015043057050685,0.7553920631007812,73.1253536666669,74.253685
1640,1640,2019-07-10,75.139999,75.730003,75.0,75.68,74.253685,1657900,74.253685,1657900,0.7186598445389968,0.7956066967885046,73.2757976666669,74.714828
1641,1641,2019-07-11,75.849998,76.199997,75.480003,76.150002,74.714828,1408700,74.714828,1408700,0.39552275268352843,0.6760185498316946,73.66172033333358,74.68539399999999
1642,1642,2019-07-12,76.309998,76.470001,75.510002,76.120003,74.68539399999999,1406700,74.68539399999999,1406700,-0.24897786001776093,0.6750587733713671,74.18173466666691,74.400864
1643,1643,2019-07-15,76.190002,76.269997,75.720001,75.83000200000001,74.400864,1281400,74.400864,1281400,-0.4725029407401766,0.6149287781318474,74.55130233333358,73.076302
1644,1644,2019-07-16,76.029999,76.139999,74.139999,74.480003,73.076302,3062700,73.076302,3062700,-2.038663712201295,1.4697536825225606,74.60036200000025,73.027237
1645,1645,2019-07-17,74.389999,74.790001,74.07,74.43,73.027237,2111400,73.027237,2111400,0.053772013090097937,1.0132360091677717,74.05418666666691,72.605339
1646,1646,2019-07-18,74.510002,74.58000200000001,73.779999,74.0,72.605339,2419500,72.605339,2419500,-0.6844745487995022,1.1610895728812274,73.50146766666693,71.45740500000001
1647,1647,2019-07-19,74.470001,74.470001,72.639999,72.83000200000001,71.45740500000001,2228900,71.45740500000001,2228900,-2.2022277131431607,1.069622876212014,72.90295933333358,70.643028
1648,1648,2019-07-22,72.959999,73.07,71.910004,72.0,70.643028,3288100,70.643028,3288100,-1.315788121104547,1.5779204896014731,72.36332700000025,70.721535
1649,1649,2019-07-23,71.980003,72.120003,71.059998,72.08000200000001,70.721535,2243600,70.721535,2243600,0.13892608479053697,1.0766772331954213,71.56859066666692,70.849083
1650,1650,2019-07-24,71.620003,72.400002,71.150002,72.209999,70.849083,2739200,70.849083,2739200,0.8237866172666863,1.314509840064583,70.94065600000026,71.545692
1651,1651,2019-07-25,71.489998,73.33000200000001,70.519997,72.91999799999999,71.545692,4066500,71.545692,4066500,2.0002798153666093,1.951465487960947,70.73788200000025,71.732109
1652,1652,2019-07-26,72.779999,73.510002,71.959999,73.110001,71.732109,2691900,71.732109,2691900,0.45342402381730346,1.2918111267778367,71.03877000000024,72.281563
1653,1653,2019-07-29,73.0,73.82,72.529999,73.66999799999999,72.281563,1542900,72.281563,1542900,0.9178054794520446,0.7404195503196718,71.37562800000023,72.203056
1654,1654,2019-07-30,73.400002,73.980003,73.199997,73.589996,72.203056,1652600,72.203056,1652600,0.25884740439107706,0.7930632891686367,71.85312133333356,70.29962900000001
1655,1655,2019-07-31,73.410004,73.779999,71.029999,71.650002,70.29962900000001,2479300,70.29962900000001,2479300,-2.3974961232804186,1.1897868890450205,72.0722426666669,70.574348
1656,1656,2019-08-01,71.75,72.779999,71.57,71.93,70.574348,3233000,70.574348,3233000,0.2508710801393823,1.5514786481194496,71.59474933333358,69.63245400000001
1657,1657,2019-08-02,71.989998,72.0,70.589996,70.970001,69.63245400000001,2207400,69.63245400000001,2207400,-1.4168593253746218,1.0593052792634932,71.02567766666691,68.356941
1658,1658,2019-08-05,70.199997,70.910004,69.470001,69.66999799999999,68.356941,2784600,68.356941,2784600,-0.7549843627486248,1.3362967657140177,70.16881033333357,69.17130999999999
1659,1659,2019-08-06,69.809998,70.639999,69.360001,70.5,69.17130999999999,1824500,69.17130999999999,1824500,0.9883999710184879,0.8755560759337878,69.5212476666669,68.769035
1660,1660,2019-08-07,69.879997,70.349998,69.099998,70.089996,68.769035,2402800,68.769035,2402800,0.30051375073756265,1.1530754394374927,69.05356833333356,70.142647
1661,1661,2019-08-08,70.220001,71.629997,70.08000200000001,71.489998,70.142647,1943200,70.142647,1943200,1.8085972399801074,0.9325188088542266,68.76576200000024,70.064163
1662,1662,2019-08-09,71.480003,71.790001,70.879997,71.410004,70.064163,1515500,70.064163,1515500,-0.0979280876638963,0.7272706128131846,69.36099733333357,68.916199
1663,1663,2019-08-12,71.230003,71.480003,70.089996,70.239998,68.916199,1775100,68.916199,1775100,-1.3898707824004957,0.8518495973636978,69.65861500000024,69.544151
1664,1664,2019-08-13,70.33000200000001,71.739998,70.019997,70.879997,69.544151,1709300,69.544151,1709300,0.7820204526654152,0.8202729518189221,69.70766966666692,68.111664
1665,1665,2019-08-14,70.18,70.459999,69.309998,69.41999799999999,68.111664,2270100,68.111664,2270100,-1.08293245939016,1.089394271294761,69.50817100000025,67.94487
1666,1666,2019-08-15,69.449997,69.970001,69.220001,69.25,67.94487,2293700,67.94487,2293700,-0.287972654628043,1.1007196335266258,68.85733800000025,69.318489
1667,1667,2019-08-16,69.940002,70.970001,69.529999,70.650002,69.318489,1945600,69.318489,1945600,1.0151558188402592,0.9336705406066196,68.53356166666691,70.476242
1668,1668,2019-08-19,71.279999,72.220001,70.91999799999999,71.83000200000001,70.476242,1883800,70.476242,1883800,0.7716091578508633,0.9040134479824989,68.45834100000025,70.03472099999999
1669,1669,2019-08-20,71.900002,71.980003,71.300003,71.379997,70.03472099999999,1685700,70.03472099999999,1685700,-0.7232336377403683,0.8089475895870573,69.2465336666669,70.427177
1670,1670,2019-08-21,71.970001,72.08000200000001,71.610001,71.779999,70.427177,1331000,70.427177,1331000,-0.26400166369317224,0.6387312343479702,69.94315066666691,70.329071
1671,1671,2019-08-22,72.839996,72.860001,71.370003,71.68,70.329071,1361100,70.329071,1361100,-1.5925261720222947,0.6531758700758994,70.31271333333359,66.649742
1672,1672,2019-08-23,71.25,71.480003,67.57,67.93,66.649742,3778400,66.649742,3778400,-4.659649122807008,1.8132096888507667,70.26365633333359,67.228622
1673,1673,2019-08-26,68.239998,68.860001,67.980003,68.519997,67.228622,1835400,67.228622,1835400,0.41031507650396426,0.8807868576425728,69.13533000000025,66.904831
1674,1674,2019-08-27,68.860001,69.300003,67.959999,68.190002,66.904831,2069700,66.904831,2069700,-0.9729872063173366,0.9932246699699427,68.06914500000025,67.287498
1675,1675,2019-08-28,67.910004,69.08000200000001,67.900002,68.58000200000001,67.287498,1309600,67.287498,1309600,0.9865969084613907,0.6284616262224656,66.92773166666693,67.699577
1676,1676,2019-08-29,69.08000200000001,69.400002,68.639999,69.0,67.699577,1142300,67.699577,1142300,-0.11581065096090681,0.5481763253160679,67.14031700000027,67.611275
1677,1677,2019-08-30,69.550003,69.860001,68.43,68.910004,67.611275,1965200,67.611275,1965200,-0.9201998165262524,0.9430763499178294,67.29730200000027,66.119911
1678,1678,2019-09-03,68.300003,68.760002,66.839996,67.389999,66.119911,2275700,66.119911,2275700,-1.332363045430614,1.0920816453836781,67.53278333333361,66.011986
1679,1679,2019-09-04,67.949997,68.260002,66.709999,67.279999,66.011986,1403000,66.011986,1403000,-0.9860162319065188,0.6732831869197612,67.14358766666695,66.57124300000001
1680,1680,2019-09-05,67.91999799999999,68.209999,67.379997,67.849998,66.57124300000001,1467400,66.57124300000001,1467400,-0.10306242941878943,0.7041879889423076,66.58105733333362,66.090492
1681,1681,2019-09-06,67.910004,67.959999,67.220001,67.360001,66.090492,1857200,66.090492,1857200,-0.8098998197673553,0.8912484210601429,66.23438000000029,65.246696
1682,1682,2019-09-09,67.589996,67.75,66.050003,66.5,65.246696,2859100,65.246696,2859100,-1.612658772756843,1.3720484388612182,66.22457366666696,66.080673
1683,1683,2019-09-10,66.230003,67.360001,65.860001,67.349998,66.080673,2248500,66.080673,2248500,1.6910689253630307,1.0790286855232238,65.96947700000028,67.042213
1684,1684,2019-09-11,67.190002,68.389999,66.66999799999999,68.33000200000001,67.042213,1432000,67.042213,1432000,1.69668100322426,0.6871999455945104,65.80595366666695,66.728241
1685,1685,2019-09-12,68.550003,69.199997,67.959999,68.010002,66.728241,1651300,66.728241,1651300,-0.7877475949928168,0.7924394344694238,66.1231940000003,66.57124300000001
1686,1686,2019-09-13,68.25,68.75,67.639999,67.849998,66.57124300000001,1274400,66.57124300000001,1274400,-0.5860835164835174,0.6115695605207011,66.61704233333363,66.482956
1687,1687,2019-09-16,67.449997,68.120003,67.25,67.760002,66.482956,1003600,66.482956,1003600,0.45960713682463744,0.48161582779235373,66.78056566666697,66.85578199999999
1688,1688,2019-09-17,67.720001,68.32,67.660004,68.139999,66.85578199999999,1183100,66.85578199999999,1183100,0.6201978644389075,0.5677557651067494,66.59414666666697,66.296524
1689,1689,2019-09-18,68.190002,68.480003,66.910004,67.57,66.296524,1282500,66.296524,1282500,-0.9092271327400953,0.6154566551850276,66.63666033333364,66.404449
1690,1690,2019-09-19,67.68,68.510002,67.480003,67.68,66.404449,1201000,66.404449,1201000,0.0,0.5763457644266808,66.54508733333363,67.150124
1691,1691,2019-09-20,67.449997,68.629997,67.410004,68.440002,67.150124,3818600,67.150124,3818600,1.4677613699523377,1.83250119570335,66.51891833333364,67.287498
1692,1692,2019-09-23,68.209999,68.769997,67.709999,68.58000200000001,67.287498,1205600,67.287498,1205600,0.5424468632524261,0.5785532502854341,66.61703233333365,67.218636
1693,1693,2019-09-24,68.75,69.0,67.82,68.33000200000001,67.218636,1684800,67.218636,1684800,-0.610906181818171,0.8085156901799099,66.94735700000031,67.120255
1694,1694,2019-09-25,67.949997,68.489998,67.739998,68.230003,67.120255,1251900,67.120255,1251900,0.41207654505120905,0.6007720753420164,67.21875266666696,67.24814599999999
1695,1695,2019-09-26,68.459999,68.970001,67.489998,68.360001,67.24814599999999,1361700,67.24814599999999,1361700,-0.14606777893759446,0.6534638030139976,67.20879633333362,67.25798
1696,1696,2019-09-27,68.519997,69.029999,67.769997,68.370003,67.25798,1753700,67.25798,1753700,-0.21890543865611464,0.8415799892381932,67.19567900000028,67.061234
1697,1697,2019-09-30,68.370003,68.83000200000001,68.019997,68.16999799999999,67.061234,3191100,67.061234,3191100,-0.29253326199211144,1.5313713312755879,67.20879366666695,66.362785
1698,1698,2019-10-01,68.370003,69.040001,67.16999799999999,67.459999,66.362785,1947200,66.362785,1947200,-1.3309989177563744,0.9344383617748816,67.18912000000029,65.457748
1699,1699,2019-10-02,67.160004,67.190002,65.720001,66.540001,65.457748,2105500,65.457748,2105500,-0.9231729646710518,1.0104046686098056,66.89399966666694,65.064247
1700,1700,2019-10-03,66.360001,66.870003,65.519997,66.139999,65.064247,1809000,65.064247,1809000,-0.3315280239371814,0.8681178083662494,66.29392233333361,65.73318499999999
1701,1701,2019-10-04,66.32,66.949997,66.150002,66.82,65.73318499999999,1051200,65.73318499999999,1051200,0.7539203860072378,0.5044585075481489,65.62826000000028,65.231499
1702,1702,2019-10-07,66.599998,66.809998,65.860001,66.309998,65.231499,1253800,65.231499,1253800,-0.43543544851158444,0.6016838629793275,65.41839333333361,64.04115300000001
1703,1703,2019-10-08,65.690002,66.239998,65.019997,65.099998,64.04115300000001,2415600,64.04115300000001,2415600,-0.8981640767799146,1.1592180087835888,65.34297700000029,64.641251
1704,1704,2019-10-09,65.379997,65.940002,65.099998,65.709999,64.641251,1424100,64.641251,1424100,0.5047445933654496,0.6834088285762165,65.00194566666696,65.752861
1705,1705,2019-10-10,65.459999,67.0,65.440002,66.839996,65.752861,2829900,65.752861,2829900,2.1081531027826674,1.3580357025404364,64.63796766666695,66.480827
1706,1706,2019-10-11,67.269997,68.279999,67.029999,67.58000200000001,66.480827,2042000,66.480827,2042000,0.4608369463729928,0.9799317659944065,64.81175500000029,66.63822900000001
1707,1707,2019-10-14,67.529999,67.989998,67.040001,67.739998,66.63822900000001,1547800,66.63822900000001,1547800,0.31097142471451283,0.7427710026474742,65.62497966666695,66.982529
1708,1708,2019-10-15,67.980003,68.370003,67.690002,68.089996,66.982529,1262400,66.982529,1262400,0.16180199344798926,0.6058109017587359,66.29063900000028,67.051399
1709,1709,2019-10-16,68.0,68.440002,67.720001,68.160004,67.051399,1801000,67.051399,1801000,0.23530000000000104,0.8642787025249393,66.70052833333362,67.002213
1710,1710,2019-10-17,68.220001,68.32,65.730003,68.110001,67.002213,1724700,67.002213,1724700,-0.1612430348689081,0.827663230563444,66.89071900000029,66.657913
1711,1711,2019-10-18,68.309998,68.489998,67.709999,67.760002,66.657913,1619300,66.657913,1619300,-0.8051471469813146,0.7770830111041833,67.01204700000028,67.051399
1712,1712,2019-10-21,67.91999799999999,68.400002,67.730003,68.160004,67.051399,1480800,67.051399,1480800,0.3533657347869889,0.710618491226502,66.90384166666695,66.37262
1713,1713,2019-10-22,67.940002,68.379997,67.379997,67.470001,66.37262,1529300,66.37262,1529300,-0.6917883222906154,0.7338930703894446,66.90384166666695,66.470985
1714,1714,2019-10-23,67.440002,67.68,66.769997,67.57,66.470985,2175500,66.470985,2175500,0.19276096699995096,1.043996844721269,66.69397733333362,66.382462
1715,1715,2019-10-24,67.82,68.120003,67.209999,67.480003,66.382462,2453600,66.382462,2453600,-0.501322618696545,1.1774537615298117,66.63166800000027,65.349541
1716,1716,2019-10-25,67.5,68.489998,65.610001,66.43,65.349541,2989000,65.349541,2989000,-1.5851851851851753,1.434385919959491,66.40868900000027,65.910263
1717,1717,2019-10-28,66.559998,67.360001,66.41999799999999,67.0,65.910263,2646300,65.910263,2646300,0.6610607169789984,1.2699282234823692,66.06766266666693,66.264412
1718,1718,2019-10-29,66.690002,67.730003,66.68,67.360001,66.264412,2518900,66.264412,2518900,1.0046468434653666,1.2087904629595057,65.8807553333336,66.99237099999999
1719,1719,2019-10-30,67.57,68.239998,67.279999,68.099998,66.99237099999999,2259300,66.99237099999999,2259300,0.7843688027231112,1.0842114784089925,65.8414053333336,66.02832
1720,1720,2019-10-31,67.860001,68.129997,66.68,67.120003,66.02832,2056500,66.02832,2056500,-1.0904774375113846,0.9868901453317811,66.38901533333359,66.431641
1721,1721,2019-11-01,67.389999,67.980003,67.260002,67.529999,66.431641,1980300,66.431641,1980300,0.20774595945609164,0.9503226621933022,66.42836766666693,66.362785
1722,1722,2019-11-04,67.75,68.059998,67.370003,67.459999,66.362785,1802700,66.362785,1802700,-0.4280457564575701,0.8650945125162177,66.48411066666694,66.116844
1723,1723,2019-11-05,67.620003,67.760002,67.120003,67.209999,66.116844,1825900,66.116844,1825900,-0.6063353768262931,0.8762279194560171,66.27424866666694,65.880753
1724,1724,2019-11-06,67.300003,67.720001,66.839996,66.970001,65.880753,2061000,65.880753,2061000,-0.49034470325359036,0.989049642367518,66.30375666666693,65.743034
1725,1725,2019-11-07,67.199997,67.690002,66.760002,66.83000200000001,65.743034,1320400,65.743034,1320400,-0.5505878221988444,0.6336444191082342,66.12012733333358,66.21521800000001
1726,1726,2019-11-08,66.629997,67.339996,66.260002,67.309998,66.21521800000001,1536400,66.21521800000001,1536400,1.0205628554958364,0.7373002768236073,65.91354366666691,65.182304
1727,1727,2019-11-11,66.949997,67.260002,66.139999,66.260002,65.182304,1525200,65.182304,1525200,-1.0306124434927102,0.7319255286457731,65.94633500000025,65.920105
1728,1728,2019-11-12,66.540001,67.279999,66.260002,67.010002,65.920105,2134000,65.920105,2134000,0.7063435421348976,1.0240814831694727,65.7135186666669,65.772552
1729,1729,2019-11-13,66.839996,67.360001,66.470001,66.860001,65.772552,1516600,65.772552,1516600,0.02992968461577647,0.7277984898663648,65.77254233333358,65.95945
1730,1730,2019-11-14,66.970001,67.510002,66.959999,67.050003,65.95945,2320800,65.95945,2320800,0.11945945767569491,1.1137246045640639,65.62498700000025,67.287498
1731,1731,2019-11-15,67.260002,68.779999,67.089996,68.400002,67.287498,6148700,67.287498,6148700,1.6949152038383832,2.950688760807937,65.88403566666692,66.51035300000001
1732,1732,2019-11-18,68.440002,68.860001,67.410004,67.610001,66.51035300000001,3198200,66.51035300000001,3198200,-1.2127425127778486,1.5347785377097507,66.33983333333357,67.031723
1733,1733,2019-11-19,67.870003,68.339996,67.66999799999999,68.139999,67.031723,2942400,67.031723,2942400,0.39781344933785573,1.4120231284338598,66.58576700000022,66.56935899999999
1734,1734,2019-11-20,67.839996,68.239998,67.099998,67.66999799999999,66.56935899999999,1808800,66.56935899999999,1808800,-0.2505866893034704,0.8680218307202167,66.94319133333356,67.356346
1735,1735,2019-11-21,67.730003,68.739998,67.449997,68.470001,67.356346,1966700,67.356346,1966700,1.0925704521229682,0.943796182263075,66.70381166666688,68.310585
1736,1736,2019-11-22,69.0,69.91999799999999,68.730003,69.440002,68.310585,1961900,68.310585,1961900,0.6376840579710245,0.941492718758289,66.98580933333353,69.530411
1737,1737,2019-11-25,69.639999,70.839996,69.589996,70.68,69.530411,2479100,69.530411,2479100,1.4933960582050032,1.1896909113989877,67.41209666666687,70.671547
1738,1738,2019-11-26,71.089996,71.879997,70.599998,71.839996,70.671547,2291200,70.671547,2291200,1.055000762695218,1.0995199129512165,68.39911400000021,70.937149
1739,1739,2019-11-27,70.129997,72.150002,69.730003,72.110001,70.937149,1491100,70.937149,1491100,2.823333929416814,0.7155613399971887,69.50418100000022,70.425613
1740,1740,2019-11-29,71.989998,72.139999,71.150002,71.589996,70.425613,1119000,70.425613,1119000,-0.5556355203677054,0.5369949295532521,70.37970233333355,69.766502
1741,1741,2019-12-02,71.589996,71.690002,70.529999,70.91999799999999,69.766502,1271600,69.766502,1271600,-0.9358821587306789,0.6102258734762426,70.6781030000002,69.914063
1742,1742,2019-12-03,70.489998,71.129997,70.190002,71.07,69.914063,1723700,69.914063,1723700,0.8228146069744438,0.8271833423332803,70.37642133333354,69.451706
1743,1743,2019-12-04,71.18,71.199997,70.459999,70.599998,69.451706,1668500,69.451706,1668500,-0.8148384377634271,0.8006935120282406,70.03539266666688,69.618942
1744,1744,2019-12-05,70.910004,71.0,70.410004,70.769997,69.618942,1299700,69.618942,1299700,-0.19744322676952197,0.6237107327438444,69.71075700000021,70.130493
1745,1745,2019-12-06,71.25,71.550003,70.949997,71.290001,70.130493,1237500,70.130493,1237500,0.05614175438597015,0.5938616848276582,69.66157033333354,70.278053
1746,1746,2019-12-09,70.940002,71.720001,70.879997,71.440002,70.278053,1780500,70.278053,1780500,0.7048209556013262,0.8544409938065821,69.73371366666687,70.543655
1747,1747,2019-12-10,71.449997,71.83000200000001,71.110001,71.709999,70.543655,1292200,70.543655,1292200,0.36389364718937645,0.620111571017616,70.00916266666688,70.337074
1748,1748,2019-12-11,71.559998,71.790001,71.059998,71.5,70.337074,1583400,70.337074,1583400,-0.08384293135390126,0.7598550236413042,70.31740033333354,70.651871
1749,1749,2019-12-12,71.629997,72.07,71.260002,71.82,70.651871,1893900,70.651871,1893900,0.26525618868864415,0.908860319107153,70.38626066666689,71.055214
1750,1750,2019-12-13,71.900002,72.66999799999999,71.32,72.230003,71.055214,1618600,71.055214,1618600,0.4589721708213524,0.7767470893430687,70.5108666666669,71.488045
1751,1751,2019-12-16,72.459999,72.849998,72.25,72.66999799999999,71.488045,2376600,71.488045,2376600,0.2898136943115281,1.140502367807202,70.68138633333355,70.445274
1752,1752,2019-12-17,72.75,72.75,71.589996,71.610001,70.445274,2442000,70.445274,2442000,-1.567008934707908,1.1718870580599121,71.06504333333355,70.986336
1753,1753,2019-12-18,71.739998,72.389999,71.519997,72.160004,70.986336,1932200,70.986336,1932200,0.5854558289784184,0.9272400383224252,70.9961776666669,70.789589
1754,1754,2019-12-19,72.07,72.129997,71.440002,71.959999,70.789589,1266800,70.789589,1266800,-0.15263077563479524,0.6079224099714565,70.97321833333356,72.068451
1755,1755,2019-12-20,72.019997,73.300003,71.58000200000001,73.260002,72.068451,4636400,72.068451,4636400,1.7217509742467725,2.224953790331276,70.7403996666669,72.245522
1756,1756,2019-12-23,73.339996,74.099998,73.220001,73.440002,72.245522,1009500,72.245522,1009500,0.13635942930786032,0.4844471683503199,71.2814586666669,72.097946
1757,1757,2019-12-24,73.410004,73.41999799999999,73.040001,73.290001,72.097946,281900,72.097946,281900,-0.1634695456493872,0.13528049208316512,71.70118733333356,72.009209
1758,1758,2019-12-26,73.269997,73.41999799999999,72.709999,73.019997,72.009209,653600,72.009209,653600,-0.3412037808599883,0.3136549472350363,72.13730633333356,72.26561
1759,1759,2019-12-27,73.279999,73.529999,72.870003,73.279999,72.26561,727000,72.26561,727000,0.0,0.34887874332905655,72.11755900000021,72.097961
1760,1760,2019-12-30,73.279999,73.440002,72.949997,73.110001,72.097961,1278300,72.097961,1278300,-0.23198417347140896,0.6134411246183398,72.12425500000022,72.374084
1761,1761,2019-12-31,72.93,73.510002,72.599998,73.389999,72.374084,1110800,72.374084,1110800,0.6307404360345485,0.5330598460659093,72.12426000000022,
