,index,Date,Open,High,Low,Close,Adj Close,Volume,adjClose,volume,Percent Price Change Within Period,Scaled Volume,SMA(3),t+1
0,0,2013-01-02,53.689999,54.23,52.720001,53.630001,40.651089,5630300,40.651089,5630300,-0.11174893111843831,2.232430871940038,,41.894192
1,1,2013-01-03,55.52,55.849998,54.73,55.27,41.894192,4970800,41.894192,4970800,-0.45028818443804036,1.9709371398041917,,41.484871000000005
2,2,2013-01-04,55.490002000000004,55.779999,54.669998,54.73,41.484871000000005,2776300,41.484871000000005,2776300,-1.3696197019419951,1.1008112942058377,,41.257477
3,3,2013-01-07,54.639998999999996,54.759997999999996,53.830002,54.43,41.257477,1878700,41.257477,1878700,-0.3843319982491147,0.7449101964573379,41.34338399999999,40.863323
4,4,2013-01-08,54.389998999999996,54.549999,53.790001000000004,53.91,40.863323,1497600,40.863323,1497600,-0.8825133458818403,0.5938029010563204,41.545513333333325,40.961861
5,5,2013-01-09,54.02,54.619999,53.93,54.040001000000004,40.961861,1863400,40.961861,1863400,0.03702517586079341,0.7388437004729884,41.201890333333324,41.598576
6,6,2013-01-10,54.139998999999996,55.200001,53.560001,54.880001,41.598576,2094700,41.598576,2094700,1.366830464847264,0.8305548456481533,41.027553666666655,40.810265
7,7,2013-01-11,54.91,55.009997999999996,53.790001000000004,53.84,40.810265,2546000,40.810265,2546000,-1.9486432343835243,1.0094966520361859,41.14125333333333,40.80267
8,8,2013-01-14,53.880001,54.139998999999996,53.279999,53.830002,40.80267,1325500,40.80267,1325500,-0.09279695447667063,0.5255647338075272,41.12356733333332,42.000309
9,9,2013-01-15,53.540001000000004,55.450001,53.41,55.41,42.000309,2921300,42.000309,2921300,3.4927137935615518,1.1583042300052275,41.07050366666666,42.409626
10,10,2013-01-16,55.549999,56.040001000000004,55.16,55.950001,42.409626,2386800,42.409626,2386800,0.7200756205234147,0.9463733735585107,41.20441466666666,42.182228
11,11,2013-01-17,56.009997999999996,56.330002,55.580002,55.650002,42.182228,1216400,42.182228,1216400,-0.64273524880325,0.48230625590605514,41.737534999999994,42.083694
12,12,2013-01-18,55.610001000000004,55.75,55.119999,55.52,42.083694,1254100,42.083694,1254100,-0.16184319075987946,0.4972544192138965,42.19738766666666,41.97757
13,13,2013-01-22,55.439999,55.470001,54.830002,55.380001,41.97757,1695400,41.97757,1695400,-0.10822150267354841,0.6722311955467987,42.22518266666666,41.939671000000004
14,14,2013-01-23,55.200001,55.529999,54.950001,55.330002,41.939671000000004,1368000,41.939671000000004,1368000,0.23550905370454617,0.5424161115418311,42.081163999999994,42.197384
15,15,2013-01-24,55.5,56.299999,55.200001,55.669998,42.197384,1080400,42.197384,1080400,0.30630270270270205,0.42838184715628247,42.000311666666654,42.485432
16,16,2013-01-25,56.150002,56.279999,55.450001,56.049999,42.485432,1221600,42.485432,1221600,-0.1780997265147042,0.48436807153472294,42.03820833333332,42.091274
17,17,2013-01-28,55.939999,55.939999,55.130001,55.529999,42.091274,1211800,42.091274,1211800,-0.7329281503920008,0.4804823420806952,42.20749566666665,42.204971
18,18,2013-01-29,55.529999,56.110001000000004,55.07,55.68,42.204971,1618300,42.204971,1618300,0.27012606285118634,0.6416608138217437,42.25802999999999,42.136753000000006
19,19,2013-01-30,55.68,55.91,55.349998,55.59,42.136753000000006,1430000,42.136753000000006,1430000,-0.16163793103447613,0.5669992978836393,42.26055899999999,41.863873
20,20,2013-01-31,55.540001000000004,55.82,55.189999,55.23,41.863873,1318300,41.863873,1318300,-0.5581580742139469,0.5227099121678334,42.14433266666666,41.780491
21,21,2013-02-01,55.66,55.779999,54.91,55.119999,41.780491,2187300,41.780491,2187300,-0.9701778656126422,0.8672710239586603,42.068532333333316,41.310543
22,22,2013-02-04,54.970001,55.16,54.380001,54.5,41.310543,1382800,41.310543,1382800,-0.855013628251532,0.5482843560234241,41.92703899999998,41.772919
23,23,2013-02-05,54.919998,55.43,54.709998999999996,55.110001000000004,41.772919,1929100,41.772919,1929100,0.34596323182678257,0.7648939479351948,41.65163566666664,41.894192
24,24,2013-02-06,55.130001,55.490002000000004,54.91,55.27,41.894192,1797200,41.894192,1797200,0.25394340188748243,0.7125952015080256,41.62131766666665,41.621303999999995
25,25,2013-02-07,55.82,55.970001,54.380001,54.91,41.621303999999995,2052100,41.621303999999995,2052100,-1.6302400573271296,0.8136638176132981,41.659217999999974,42.311096
26,26,2013-02-08,55.0,55.849998,55.0,55.82,42.311096,1605300,42.311096,1605300,1.4909090909090914,0.6365062747500743,41.76280499999998,41.96999
27,27,2013-02-11,55.57,55.720001,55.110001000000004,55.369999,41.96999,1297300,41.96999,1297300,-0.3599082238617965,0.5143833490520596,41.942197333333304,41.674377
28,28,2013-02-12,55.549999,55.599998,54.889998999999996,54.98,41.674377,1642200,41.674377,1642200,-1.0261008285526751,0.6511372356535052,41.967463333333306,41.856289000000004
29,29,2013-02-13,55.0,55.52,55.0,55.220001,41.856289000000004,1235200,41.856289000000004,1235200,0.40000181818182445,0.4897605124097002,41.985154333333305,41.879036
30,30,2013-02-14,55.049999,55.48,54.529999,55.25,41.879036,1091300,41.879036,1091300,0.3633079085069562,0.4327037299163745,41.83355199999997,41.992729
31,31,2013-02-15,55.200001,56.080002,54.779999,55.400002,41.992729,1622700,41.992729,1622700,0.36232064561013383,0.643405427046001,41.803233999999975,42.803776
32,32,2013-02-19,55.639998999999996,56.66,55.099998,56.470001,42.803776,2618200,42.803776,2618200,1.4917361878457394,1.0381241690342269,41.90935133333331,41.803246
33,33,2013-02-20,56.349998,56.41,55.080002,55.150002,41.803246,1816000,41.803246,1816000,-2.12954044825343,0.7200494580116706,42.225180333333306,41.325691
34,34,2013-02-21,55.09,55.360001000000004,54.32,54.52,41.325691,3136600,41.325691,3136600,-1.0346705391178077,1.243671327092184,42.19991699999998,40.923962
35,35,2013-02-22,54.73,55.389998999999996,53.57,53.990002000000004,40.923962,4002300,40.923962,4002300,-1.3520884341311763,1.586923978964818,41.977570999999976,39.946159
36,36,2013-02-25,54.18,54.189999,52.689999,52.700001,39.946159,3031800,39.946159,3031800,-2.7316334440753036,1.202117812114418,41.35096633333331,39.817295
37,37,2013-02-26,53.009997999999996,53.360001000000004,52.470001,52.529999,39.817295,2790300,39.817295,2790300,-0.9054876780036842,1.1063623362830202,40.73193733333331,40.855740000000004
38,38,2013-02-27,52.439999,54.0,52.439999,53.900002,40.855740000000004,2433400,40.855740000000004,2433400,2.7841400225808552,0.9648504136154181,40.22913866666664,41.098304999999996
39,39,2013-02-28,54.099998,54.59,53.990002000000004,54.220001,41.098304999999996,2392500,41.098304999999996,2392500,0.22181701374555332,0.9486334406899349,40.20639799999997,40.984596
40,40,2013-03-01,54.029999,54.240002000000004,53.68,54.07,40.984596,2316500,40.984596,2316500,0.07403479685425078,0.9184992122709443,40.590446666666644,40.795113
41,41,2013-03-04,53.98,54.330002,53.650002,53.82,40.795113,1860700,40.795113,1860700,-0.29640607632455834,0.7377731423581032,40.979546999999975,41.211998
42,42,2013-03-05,54.060001,54.52,54.049999,54.369999,41.211998,1991200,41.211998,1991200,0.5734332117381948,0.7895167845775543,40.959337999999974,41.219582
43,43,2013-03-06,54.369999,54.52,54.189999,54.380001,41.219582,1656600,41.219582,1656600,0.018396174699212457,0.656846878932893,40.99723566666664,41.150982
44,44,2013-03-07,54.07,54.189999,53.900002,53.990002000000004,41.150982,1132600,41.150982,1132600,-0.14795265396707274,0.4490793040440629,41.0755643333333,41.707378000000006
45,45,2013-03-08,54.200001,54.830002,53.939999,54.720001,41.707378000000006,1008200,41.707378000000006,1008200,0.9594095763946631,0.39975433015824136,41.194187333333296,41.364395
46,46,2013-03-11,54.619999,54.669998,54.209998999999996,54.27,41.364395,1467100,41.364395,1467100,-0.6407890999778246,0.5817095593881729,41.35931399999996,41.120490999999994
47,47,2013-03-12,54.299999,54.439999,53.900002,53.950001,41.120490999999994,1491100,41.120490999999994,1491100,-0.6445635477820163,0.5912256315204857,41.40758499999996,41.379642
48,48,2013-03-13,54.040001000000004,54.32,53.880001,54.290001000000004,41.379642,3130000,41.379642,3130000,0.4626202727124301,1.2410544072557979,41.39742133333329,41.379642
49,49,2013-03-14,54.52,54.66,54.18,54.290001000000004,41.379642,1631700,41.379642,1631700,-0.42186170212765844,0.6469739540956183,41.28817599999996,41.150982
50,50,2013-03-15,54.07,54.25,53.639998999999996,53.990002000000004,41.150982,2407300,41.150982,2407300,-0.14795265396707274,0.9545016851715279,41.293258333333284,40.769878000000006
51,51,2013-03-18,53.490002000000004,53.869999,53.380001,53.490002000000004,40.769878000000006,1275800,40.769878000000006,1275800,0.0,0.5058585344335293,41.303421999999955,39.977196
52,52,2013-03-19,53.560001,53.560001,52.16,52.450001,39.977196,2869100,39.977196,2869100,-2.072442082291969,1.1376067731174473,41.100167333333296,40.510738
53,53,2013-03-20,52.810001,53.27,52.560001,53.150002,40.510738,2730400,40.510738,2730400,0.6438193402041422,1.0826118062527894,40.63268533333329,40.320190000000004
54,54,2013-03-21,52.889998999999996,53.189999,52.779999,52.900002,40.320190000000004,1576400,40.320190000000004,1576400,0.018912838323185917,0.6250473378907475,40.41927066666663,40.640312
55,55,2013-03-22,53.099998,53.57,52.98,53.32,40.640312,1237400,40.640312,1237400,0.41431639978593016,0.49063281902182887,40.26937466666663,41.006168
56,56,2013-03-25,53.439999,53.919998,53.360001000000004,53.799999,41.006168,1720300,41.006168,1720300,0.6736527072165541,0.6821041203840732,40.490413333333294,41.372017
57,57,2013-03-26,53.82,54.290001000000004,53.59,54.279999,41.372017,1996000,41.372017,1996000,0.8546989966555115,0.7914199990040168,40.65555666666663,41.539707
58,58,2013-03-27,54.029999,54.560001,53.919998,54.5,41.539707,1397500,41.539707,1397500,0.8698889666831263,0.5541129502044657,41.006165666666625,42.096107
59,59,2013-03-28,54.52,55.290001000000004,54.43,55.23,42.096107,1842700,42.096107,1842700,1.3022743947175235,0.7306360882588686,41.30596399999996,41.501591
60,60,2013-04-01,55.07,55.209998999999996,54.330002,54.450001,41.501591,1419800,41.501591,1419800,-1.1258380243326676,0.5629549672274063,41.669276999999965,41.913181
61,61,2013-04-02,54.75,55.0,54.360001000000004,54.990002000000004,41.913181,1042400,41.913181,1042400,0.43835981735160556,0.41331473294678717,41.7124683333333,41.692135
62,62,2013-04-03,55.0,55.490002000000004,54.509997999999996,54.700001,41.692135,1936400,41.692135,1936400,-0.5454527272727266,0.76778841987544,41.83695966666664,42.279026
63,63,2013-04-04,54.68,55.529999,54.68,55.470001,42.279026,1117500,42.279026,1117500,1.444771397220197,0.44309210866081605,41.7023023333333,42.271408
64,64,2013-04-05,54.84,55.610001000000004,54.650002,55.459998999999996,42.271408,1563300,42.271408,1563300,1.1305598103573904,0.6198531485185268,41.961447333333304,42.14946
65,65,2013-04-08,55.25,55.689999,54.950001,55.299999,42.14946,1340600,42.14946,1340600,0.09049592760180938,0.531551929190774,42.08085633333331,41.798840000000006
66,66,2013-04-09,55.330002,55.48,54.41,54.84,41.798840000000006,1651600,41.798840000000006,1651600,-0.8855991004663201,0.6548643639053278,42.23329799999997,42.53817
67,67,2013-04-10,55.029999,55.810001,54.939999,55.810001,42.53817,1427500,42.53817,1427500,1.417412346309516,0.5660080403698567,42.07323599999997,43.475685
68,68,2013-04-11,55.919998,57.759997999999996,55.880001,57.040001000000004,43.475685,2432600,43.475685,2432600,2.002866666769201,0.9645332112110077,42.16215666666664,43.307987
69,69,2013-04-12,56.75,57.18,56.48,56.82,43.307987,1492000,43.307987,1492000,0.12334801762114588,0.5915824842254475,42.604231666666635,42.019886
70,70,2013-04-15,56.5,56.59,55.130001,55.130001,42.019886,1568700,42.019886,1568700,-2.424776991150442,0.6219942647482972,43.10728066666663,42.812553
71,71,2013-04-16,55.380001,56.220001,55.009997999999996,56.169998,42.812553,1798400,42.812553,1798400,1.4265023216594013,0.7130710051146412,42.93451933333329,42.218056
72,72,2013-04-17,55.959998999999996,56.009997999999996,54.810001,55.389998999999996,42.218056,1682000,42.218056,1682000,-1.0185847215615573,0.666918055272924,42.71347533333329,41.7836
73,73,2013-04-18,55.48,55.610001000000004,54.5,54.82,41.7836,1411600,41.7836,1411600,-1.1896178803172253,0.5597036425821995,42.350164999999954,41.844578000000006
74,74,2013-04-19,54.880001,55.150002,54.57,54.900002,41.844578000000006,1673400,41.844578000000006,1673400,0.03644497018139741,0.6635081294255119,42.27140299999996,42.027504
75,75,2013-04-22,55.049999,55.310001,54.68,55.139998999999996,42.027504,1101600,42.027504,1101600,0.16348774138941638,0.43678771087315876,41.94874466666662,42.065613
76,76,2013-04-23,55.240002000000004,55.549999,54.619999,55.189999,42.065613,1307500,42.065613,1307500,-0.09051954777265177,0.5184276797082926,41.88522733333329,42.118973
77,77,2013-04-24,55.299999,55.77,55.080002,55.259997999999996,42.118973,1113100,42.118973,1113100,-0.07233454018688812,0.44134749543655866,41.97923166666663,43.025985999999996
78,78,2013-04-25,55.360001000000004,56.57,55.200001,56.450001,43.025985999999996,1842600,43.025985999999996,1842600,1.9689306002722007,0.7305964379583173,42.07069666666663,43.224171000000005
79,79,2013-04-26,56.490002000000004,56.75,56.189999,56.709998999999996,43.224171000000005,819900,43.224171000000005,819900,0.3894441356188874,0.32509281422013697,42.403523999999955,43.094578000000006
80,80,2013-04-29,56.779999,56.91,56.470001,56.540001000000004,43.094578000000006,866000,43.094578000000006,866000,-0.4226805287544877,0.34337160277428785,42.78970999999996,43.132690000000004
81,81,2013-04-30,56.450001,56.630001,56.029999,56.59,43.132690000000004,1021500,43.132690000000004,1021500,0.2480053100441984,0.40502782013156474,43.114911666666636,42.797325
82,82,2013-05-01,56.48,56.57,55.98,56.150002,42.797325,1229600,42.797325,1229600,-0.5842740793201068,0.4875400955788272,43.150479666666634,43.468056
83,83,2013-05-02,56.110001000000004,57.029999,56.110001000000004,57.029999,43.468056,1199300,43.468056,1199300,1.639632834795338,0.47552605451178226,43.00819766666663,44.367455
84,84,2013-05-03,57.450001,58.419998,57.380001,58.209998999999996,44.367455,1213100,44.367455,1213100,1.322885964788749,0.48099779598786213,43.132690333333294,44.275982
85,85,2013-05-06,58.18,58.439999,57.700001,58.09,44.275982,1266900,44.275982,1266900,-0.15469233413543537,0.5023296576844634,43.54427866666663,44.657082
86,86,2013-05-07,58.0,58.66,57.740002000000004,58.59,44.657082,1304600,44.657082,1304600,1.0172413793103507,0.5172778209923048,44.037164333333294,44.969584999999995
87,87,2013-05-08,58.599998,59.009997999999996,58.290001000000004,59.0,44.969584999999995,1240800,44.969584999999995,1240800,0.6825972929214104,0.4919809292405732,44.4335063333333,44.580864
88,88,2013-05-09,58.919998,59.060001,58.040001000000004,58.490002000000004,44.580864,2020900,44.580864,2020900,-0.7297963587846619,0.8012929238412914,44.63421633333329,45.099159
89,89,2013-05-10,58.610001000000004,59.299999,58.610001000000004,59.169998,45.099159,1549400,45.099159,1549400,0.9554632152283968,0.6143417567418956,44.735843666666625,46.105259000000004
90,90,2013-05-13,59.189999,60.560001,59.029999,60.490002000000004,46.105259000000004,2854100,46.105259000000004,2854100,2.1963220509600005,1.1316592280347517,44.88320266666663,46.676907
91,91,2013-05-14,60.41,61.240002000000004,60.16,61.240002000000004,46.676907,2365900,46.676907,2365900,1.3739480218506994,0.9380864607432883,45.261760666666625,46.829338
92,92,2013-05-15,61.41,61.810001,60.889998999999996,61.439999,46.829338,2005000,46.829338,2005000,0.04885035010585192,0.7949885260536341,45.96044166666663,46.593056
93,93,2013-05-16,61.389998999999996,61.799999,60.919998,61.130001,46.593056,3264600,46.593056,3264600,-0.42351849525196433,1.2944237117978523,46.53716799999997,46.250076
94,94,2013-05-17,58.869999,60.889998999999996,58.75,60.68,46.250076,4493300,46.250076,4493300,3.0745728397243557,1.781606954671718,46.69976699999997,46.097626
95,95,2013-05-20,60.5,60.860001000000004,60.16,60.48,46.097626,2197900,46.097626,2197900,-0.03305785123967459,0.8714739558170985,46.55748999999997,46.272942
96,96,2013-05-21,60.419998,61.060001,60.25,60.709998999999996,46.272942,1453500,46.272942,1453500,0.4799751896714671,0.5763171185131956,46.313585999999965,45.853737
97,97,2013-05-22,60.860001000000004,61.490002000000004,59.939999,60.16,45.853737,1371000,45.853737,1371000,-1.1501823669046725,0.5436056205583703,46.20688133333331,45.853737
98,98,2013-05-23,59.84,60.41,59.619999,60.16,45.853737,1357500,45.853737,1357500,0.5347593582887586,0.5382528299839443,46.0747683333333,45.632687
99,99,2013-05-24,59.869999,60.02,59.439999,59.869999,45.632687,1027400,45.632687,1027400,0.0,0.4073671878640916,45.99347199999997,45.70129
100,100,2013-05-28,60.509997999999996,60.889998999999996,59.779999,59.959998999999996,45.70129,1065000,45.70129,1065000,-0.908939048386681,0.4222757008713817,45.78005366666664,45.394882
101,101,2013-05-29,59.389998999999996,59.529999,58.959998999999996,59.259997999999996,45.394882,661800,45.394882,661800,-0.2188937568427978,0.26240568904852624,45.729237999999974,45.302963
102,102,2013-05-30,59.400002,59.790001000000004,59.07,59.139998999999996,45.302963,662100,45.302963,662100,-0.4377154734776013,0.2625246399501801,45.57628633333331,45.057819
103,103,2013-05-31,59.119999,60.02,58.82,58.82,45.057819,1203500,45.057819,1203500,-0.5074408069594177,0.477191367134937,45.4663783333333,45.448509
104,104,2013-06-03,58.939999,59.34,58.439999,59.330002,45.448509,1057900,45.448509,1057900,0.6616949552374443,0.41946052953223917,45.25188799999997,45.494457000000004
105,105,2013-06-04,59.18,59.59,59.110001000000004,59.389998999999996,45.494457000000004,1467900,45.494457000000004,1467900,0.3548479215951272,0.5820267617925833,45.26976366666664,44.445007000000004
106,106,2013-06-05,59.099998,59.209998999999996,57.98,58.02,44.445007000000004,1421200,44.445007000000004,1421200,-1.8274078452591425,0.5635100714351245,45.333594999999974,44.766731
107,107,2013-06-06,58.130001,58.549999,57.759997999999996,58.439999,44.766731,1081400,44.766731,1081400,0.5332840094050578,0.4287783501617955,45.12932433333331,45.594044
108,108,2013-06-07,58.830002,59.580002,58.650002,59.52,45.594044,920200,45.594044,920200,1.172867544692592,0.3648620656730943,44.90206499999997,45.517437
109,109,2013-06-10,59.560001,59.84,59.139998999999996,59.419998,45.517437,836500,45.517437,836500,-0.23506211828304052,0.33167476411165336,44.935260666666636,45.165077000000004
110,110,2013-06-11,58.84,59.5,58.73,58.959998999999996,45.165077000000004,538600,45.165077000000004,538600,0.20394119646497763,0.21355651876932036,45.2927373333333,44.613537
111,111,2013-06-12,59.200001,59.34,58.150002,58.240002000000004,44.613537,710800,44.613537,710800,-1.6216199050401978,0.2818343363186649,45.425519333333305,45.548096
112,112,2013-06-13,58.330002,59.619999,58.209998999999996,59.459998999999996,45.548096,1023900,45.548096,1023900,1.9372483477713507,0.40597942734479603,45.09868366666664,45.14975
113,113,2013-06-14,59.380001,59.610001000000004,58.549999,58.939999,45.14975,1094100,45.14975,1094100,-0.7409935880600604,0.43381393833181103,45.1089033333333,45.264656
114,114,2013-06-17,59.279999,59.5,58.82,59.09,45.264656,1050400,45.264656,1050400,-0.3205111390099604,0.41648675699089144,45.103794333333305,45.685970000000005
115,115,2013-06-18,59.23,59.709998999999996,59.040001000000004,59.639998999999996,45.685970000000005,659200,45.685970000000005,659200,0.6922150937025142,0.26137478123419233,45.32083399999997,45.119114
116,116,2013-06-19,59.630001,59.799999,58.869999,58.900002,45.119114,853700,45.119114,853700,-1.2242143011200006,0.33849461580647755,45.366791999999975,44.245831
117,117,2013-06-20,58.43,58.540001000000004,57.650002,57.759997999999996,44.245831,1201600,44.245831,1201600,-1.146674653431463,0.47643801142446224,45.35657999999997,44.582896999999996
118,118,2013-06-21,58.299999,58.630001,57.5,58.200001,44.582896999999996,1577000,44.582896999999996,1577000,-0.17152315903127094,0.6252852396940554,45.01697166666664,44.008365999999995
119,119,2013-06-24,57.490002000000004,57.98,57.07,57.450001,44.008365999999995,869200,44.008365999999995,869200,-0.06957905480678836,0.34464041239192955,44.64928066666664,44.942932
120,120,2013-06-25,57.900002,58.970001,57.900002,58.669998,44.942932,1097600,44.942932,1097600,1.329872147500097,0.43520169885110666,44.27903133333331,45.502121
121,121,2013-06-26,59.080002,59.509997999999996,58.650002,59.400002,45.502121,1081400,45.502121,1081400,0.541638437994637,0.4287783501617955,44.5113983333333,45.624691
122,122,2013-06-27,59.650002,59.919998,58.98,59.560001,45.624691,954500,45.624691,954500,-0.15088180550270708,0.37846211876219144,44.817806333333294,45.915779
123,123,2013-06-28,59.48,60.200001,59.299999,59.939999,45.915779,1658200,45.915779,1658200,0.7733675184936171,0.6574812837417138,45.35658133333329,46.888638
124,124,2013-07-01,60.279999,61.43,60.049999,61.209998999999996,46.888638,1652500,46.888638,1652500,1.5428002910219023,0.6552212166102894,45.68086366666663,46.513283
125,125,2013-07-02,61.209998999999996,61.540001000000004,60.439999,60.720001,46.513283,1088700,46.513283,1088700,-0.8005195360320017,0.4316728221020406,46.143035999999974,46.750755
126,126,2013-07-03,60.43,61.130001,60.43,61.029999,46.750755,553800,46.750755,553800,0.9928826741684542,0.2195833644531185,46.43923333333331,47.524448
127,127,2013-07-05,61.419998,62.099998,60.959998999999996,62.040001000000004,47.524448,711700,47.524448,711700,1.0094480953906968,0.28219118902362667,46.71755866666664,47.961071000000004
128,128,2013-07-08,62.290001000000004,63.110001000000004,62.290001000000004,62.610001000000004,47.961071000000004,1414400,47.961071000000004,1414400,0.5137261115150732,0.5608138509976359,46.92949533333331,48.007042
129,129,2013-07-09,63.139998999999996,63.330002,62.490002000000004,62.669998,48.007042,1417200,48.007042,1417200,-0.744379169217276,0.5619240594130724,47.41209133333331,47.945747
130,130,2013-07-10,62.66,62.900002,61.919998,62.59,47.945747,1314000,47.945747,1314000,-0.11171401212893901,0.5210049492441273,47.83085366666665,47.991718
131,131,2013-07-11,63.16,63.34,62.330002,62.650002,47.991718,957200,47.991718,957200,-0.8074699176694046,0.3795326768770766,47.97128666666665,47.692966
132,132,2013-07-12,62.610001000000004,63.150002,61.779999,62.259997999999996,47.692966,1732200,47.692966,1732200,-0.5590209142466042,0.6868225061496783,47.98150233333331,47.562740000000005
133,133,2013-07-15,62.310001,62.700001,62.0,62.09,47.562740000000005,1217300,47.562740000000005,1217300,-0.35307494217500707,0.48266310861101686,47.87681033333331,47.509132
134,134,2013-07-16,62.220001,62.459998999999996,61.900002,62.02,47.509132,1311000,47.509132,1311000,-0.32144165346445475,0.5198154402275882,47.74914133333332,47.202698
135,135,2013-07-17,62.119999,62.459998999999996,61.279999,61.619999,47.202698,1149400,47.202698,1149400,-0.8048937669815481,0.45574055453668183,47.588279333333325,47.195042
136,136,2013-07-18,61.68,61.950001,61.419998,61.610001000000004,47.195042,1059800,47.195042,1059800,-0.11348735408559615,0.4202138852427139,47.42485666666666,47.156754
137,137,2013-07-19,61.93,61.939999,61.009997999999996,61.560001,47.156754,1802400,47.156754,1802400,-0.5974471177135475,0.7146570171366934,47.30229066666666,47.547421
138,138,2013-07-22,61.77,62.25,61.380001,62.07,47.547421,697100,47.547421,697100,0.48567265662942716,0.2764022451431363,47.18483133333333,47.118443
139,139,2013-07-23,61.73,61.900002,61.169998,61.509997999999996,47.118443,1487500,47.118443,1487500,-0.3563939737566838,0.5897982207006388,47.29973899999999,47.080139
140,140,2013-07-24,61.68,61.720001,61.080002,61.459998999999996,47.080139,828700,47.080139,828700,-0.356681258106361,0.32858204066865165,47.27420599999999,47.064816
141,141,2013-07-25,61.369999,61.52,61.040001000000004,61.439999,47.064816,763700,47.064816,763700,0.11406224725537358,0.30280934531030446,47.248667666666655,47.126106
142,142,2013-07-26,61.130001,61.529999,60.57,61.52,47.126106,593000,47.126106,593000,0.6379829766402312,0.23512628226922944,47.08779933333333,47.210365
143,143,2013-07-29,61.34,61.849998,61.27,61.630001,47.210365,804700,47.210365,804700,0.47277632865992275,0.31906596853633884,47.09035366666666,46.934601
144,144,2013-07-30,61.73,61.970001,61.139998999999996,61.27,46.934601,1076000,46.934601,1076000,-0.7451806253037321,0.4266372339320251,47.13376233333332,46.911621000000004
145,145,2013-07-31,61.5,61.84,61.139998999999996,61.240002000000004,46.911621000000004,1091400,46.911621000000004,1091400,-0.42276097560974957,0.4327433802169258,47.090357333333316,47.624027000000005
146,146,2013-08-01,61.849998,62.299999,61.779999,62.169998,47.624027000000005,1230800,47.624027000000005,1230800,0.5173807766331703,0.48801589918544286,47.01886233333332,47.486140999999996
147,147,2013-08-02,62.02,62.130001,61.720001,61.990002000000004,47.486140999999996,744400,47.486140999999996,744400,-0.048368268300546725,0.29515683730390285,47.156749666666656,47.547421
148,148,2013-08-05,61.91,62.16,61.689999,62.07,47.547421,712800,47.547421,712800,0.2584396704894261,0.282627342329691,47.340596333333316,45.816193
149,149,2013-08-06,61.740002000000004,61.810001,59.759997999999996,59.810001,45.816193,2836800,45.816193,2836800,-3.1260138281174727,1.1247997260393763,47.55252966666665,45.119114
150,150,2013-08-07,59.610001000000004,59.610001000000004,58.639998999999996,58.900002,45.119114,2031600,45.119114,2031600,-1.191073625380418,0.8055355060002809,46.94991833333331,45.655334
151,151,2013-08-08,59.169998,60.099998,58.799999,59.599998,45.655334,1607100,45.655334,1607100,0.7267196459935654,0.6372199801599977,46.16090933333331,45.034843
152,152,2013-08-09,59.52,59.669998,58.77,58.790001000000004,45.034843,1836700,45.034843,1836700,-1.226476814516128,0.7282570702257904,45.53021366666665,46.56691
153,153,2013-08-12,58.68,60.91,58.5,60.790001000000004,46.56691,3641400,46.56691,3641400,3.5957753919563804,1.4438260442751638,45.26976366666665,46.099625
154,154,2013-08-13,60.360001000000004,60.450001,59.240002000000004,60.18,46.099625,3062800,46.099625,3062800,-0.29821238737223393,1.214409405285322,45.752362333333316,45.609359999999995
155,155,2013-08-14,59.52,59.720001,59.16,59.540001000000004,45.609359999999995,1932400,45.609359999999995,1932400,0.0336038306451623,0.7662024078533878,45.900459333333316,45.448509
156,156,2013-08-15,59.27,59.98,58.939999,59.330002,45.448509,3472800,45.448509,3472800,0.10123502615150536,1.376975637545666,46.09196499999999,43.22702
157,157,2013-08-16,57.799999,58.220001,56.299999,56.43,43.22702,5334600,43.22702,5334600,-2.3702405254366874,2.1151849332098336,45.71916466666665,43.096790000000006
158,158,2013-08-19,56.200001,56.959998999999996,56.119999,56.259997999999996,43.096790000000006,1806500,43.096790000000006,1806500,0.10675622585842238,0.7162826794592968,44.76162966666666,43.74025
159,159,2013-08-20,56.450001,57.330002,56.450001,57.099998,43.74025,1644800,43.74025,1644800,1.151456135492361,0.6521681434678391,43.92410633333333,43.472149
160,160,2013-08-21,56.889998999999996,57.23,56.43,56.75,43.472149,1465600,43.472149,1465600,-0.24608719012281227,0.5811148048799033,43.35468666666666,43.793877
161,161,2013-08-22,56.759997999999996,57.450001,56.400002,57.169998,43.793877,1502500,43.793877,1502500,0.7223397012804752,0.5957457657833343,43.43639633333333,43.878139000000004
162,162,2013-08-23,57.220001,57.450001,56.470001,57.279999,43.878139000000004,1459800,43.878139000000004,1459800,0.10485494399063906,0.5788150874479278,43.66875866666666,43.893467
163,163,2013-08-26,57.490002000000004,57.93,57.220001,57.299999,43.893467,1829000,43.893467,1829000,-0.33049746632467386,0.72520399708334,43.71472166666666,43.372566
164,164,2013-08-27,56.720001,57.110001000000004,56.529999,56.619999,43.372566,1680400,43.372566,1680400,-0.17630817742757704,0.6662836504641031,43.85516099999999,43.303627
165,165,2013-08-28,56.610001000000004,57.259997999999996,56.349998,56.529999,43.303627,1038800,43.303627,1038800,-0.14132131882493246,0.41188732212694024,43.71472399999999,43.111084000000005
166,166,2013-08-29,56.25,56.360001000000004,55.889998999999996,55.98,43.111084000000005,1339800,43.111084000000005,1339800,-0.4800000000000056,0.5312347267863636,43.52321999999999,42.918564
167,167,2013-08-30,56.09,56.119999,55.560001,55.73,42.918564,994900,42.918564,994900,-0.6418256373685265,0.394480840184918,43.26242566666665,42.73373
168,168,2013-09-03,56.290001000000004,56.560001,55.380001,55.490002000000004,42.73373,1421500,42.73373,1421500,-1.4212097811119235,0.5636290223367785,43.11109166666665,43.21891
169,169,2013-09-04,55.630001,56.25,55.630001,56.119999,43.21891,1429000,43.21891,1429000,0.8808160905839277,0.5666027948781263,42.92112599999999,43.272812
170,170,2013-09-05,56.080002,56.52,56.040001000000004,56.189999,43.272812,1169900,43.272812,1169900,0.19614300299062026,0.463868866149699,42.957067999999985,43.064888
171,171,2013-09-06,56.32,56.32,55.34,55.919998,43.064888,1191000,43.064888,1191000,-0.7102308238636376,0.47223507956602406,43.07515066666665,43.573166
172,172,2013-09-09,56.66,56.849998,56.09,56.580002,43.573166,1229100,43.573166,1229100,-0.1411895517119595,0.4873418440760707,43.18553666666665,43.973614000000005
173,173,2013-09-10,56.919998,57.189999,56.560001,57.099998,43.973614000000005,1303100,43.973614000000005,1303100,0.3162333210201443,0.5166830664840353,43.30362199999998,44.066044
174,174,2013-09-11,57.07,57.369999,56.799999,57.220001,44.066044,1382200,44.066044,1382200,0.26283686700543746,0.5480464542201162,43.53722266666665,43.91972
175,175,2013-09-12,57.040001000000004,57.380001,56.790001000000004,57.029999,43.91972,1684300,43.91972,1684300,-0.01753506280620011,0.667830012185604,43.87094133333332,44.112244
176,176,2013-09-13,57.299999,57.490002000000004,56.849998,57.279999,44.112244,1018500,44.112244,1018500,-0.03490401457075615,0.4038383111150256,43.98645933333332,44.651325
177,177,2013-09-16,57.860001000000004,58.549999,57.77,57.98,44.651325,1346900,44.651325,1346900,0.2073954336779096,0.5340498981255062,44.032669333333324,44.805344
178,178,2013-09-17,58.18,58.580002,58.009997999999996,58.18,44.805344,623600,44.805344,623600,0.0,0.2472592742379283,44.22776299999999,44.689834999999995
179,179,2013-09-18,58.25,58.299999,57.240002000000004,58.029999,44.689834999999995,2115100,44.689834999999995,2115100,-0.37768412017167974,0.8386435069606192,44.522970999999984,44.320175
180,180,2013-09-19,57.93,58.07,57.439999,57.549999,44.320175,1695300,44.320175,1695300,-0.655965820818229,0.6721915452462474,44.715501333333314,43.896614
181,181,2013-09-20,57.610001000000004,57.709998999999996,56.720001,57.0,43.896614,2552000,43.896614,2552000,-1.0588456681332186,1.011875670069264,44.60511799999998,43.611668
182,182,2013-09-23,56.970001,57.040001000000004,56.400002,56.630001,43.611668,1635800,43.611668,1635800,-0.5968053256660525,0.6485996164182218,44.302207999999986,43.442245
183,183,2013-09-24,56.549999,56.75,56.290001000000004,56.41,43.442245,1926600,43.442245,1926600,-0.2475667594618403,0.7639026904214122,43.94281899999999,42.980175
184,184,2013-09-25,56.799999,56.849998,55.700001,55.810001,42.980175,2878300,42.980175,2878300,-1.742954256037927,1.1412546007681672,43.650175666666655,43.573166
185,185,2013-09-26,55.93,56.689999,55.889998999999996,56.580002,43.573166,1911400,43.573166,1911400,1.1621705703558032,0.757875844737614,43.34469599999999,43.473038
186,186,2013-09-27,56.349998,56.529999,56.110001000000004,56.450001,43.473038,1618300,43.473038,1618300,0.1774676194309731,0.6416608138217437,43.33186199999998,43.280514000000004
187,187,2013-09-30,55.919998,56.27,55.860001000000004,56.200001,43.280514000000004,1814500,43.280514000000004,1814500,0.5007206902975938,0.719454703503401,43.34212633333332,43.087990000000005
188,188,2013-10-01,55.970001,56.349998,55.790001000000004,55.950001,43.087990000000005,2167200,43.087990000000005,2167200,-0.035733427984042956,0.8593013135478483,43.442239333333326,43.742584
189,189,2013-10-02,55.720001,57.34,55.509997999999996,56.799999,43.742584,2838200,43.742584,2838200,1.9382591181216886,1.1253548302470944,43.28051399999998,43.773388
190,190,2013-10-03,56.73,57.009997999999996,56.290001000000004,56.84,43.773388,1559400,43.773388,1559400,0.19390093424996746,0.618306786797026,43.370362666666644,43.996719
191,191,2013-10-04,56.91,57.349998,56.639998999999996,57.130001,43.996719,1338800,43.996719,1338800,0.38657705148480664,0.5308382237808505,43.53465399999998,43.619366
192,192,2013-10-07,56.610001000000004,56.889998999999996,56.32,56.639998999999996,43.619366,1884700,43.619366,1884700,0.05299063676044092,0.7472892144904161,43.837563666666654,42.833851
193,193,2013-10-08,56.66,56.880001,55.599998,55.619999,42.833851,1654200,42.833851,1654200,-1.8355118249205729,0.6558952717196617,43.796490999999996,42.949371
194,194,2013-10-09,55.740002000000004,56.23,55.5,55.77,42.949371,1630600,42.949371,1630600,0.053817723221465046,0.646537800789554,43.48331199999999,43.688671
195,195,2013-10-10,56.400002,56.82,56.060001,56.73,43.688671,1892700,43.688671,1892700,0.5851028161310992,0.7504612385345204,43.134195999999996,43.773388
196,196,2013-10-11,56.459998999999996,56.880001,56.189999,56.84,43.773388,1671800,43.773388,1671800,0.6730446452895034,0.662873724616691,43.15729766666666,43.842712
197,197,2013-10-14,56.619999,57.080002,56.470001,56.93,43.842712,1004600,43.842712,1004600,0.5475114897123183,0.3983269193383944,43.470476666666656,43.850398999999996
198,198,2013-10-15,56.720001,57.259997999999996,56.470001,56.939999,43.850398999999996,1834200,43.850398999999996,1834200,0.387866706842965,0.7272658127120079,43.768256999999984,44.828449
199,199,2013-10-16,57.25,58.240002000000004,57.07,58.209998999999996,44.828449,1868100,44.828449,1868100,1.676854148471609,0.7407072645988997,43.822166333333314,45.167297
200,200,2013-10-17,58.09,58.830002,58.09,58.650002,45.167297,1298300,45.167297,1298300,0.9640247891203256,0.5147798520575727,44.17385333333332,45.236618
201,201,2013-10-18,58.869999,58.959998999999996,58.240002000000004,58.740002000000004,45.236618,981700,45.236618,981700,-0.22082045559402153,0.38924700051214595,44.61538166666665,45.313629
202,202,2013-10-21,58.869999,58.900002,58.349998,58.84,45.313629,812900,45.313629,812900,-0.0509580440115118,0.3223172931815457,45.077454666666654,45.459938
203,203,2013-10-22,58.869999,59.380001,58.59,59.029999,45.459938,842600,45.459938,842600,0.27178529423789627,0.33409343244528283,45.23918133333331,45.336735
204,204,2013-10-23,58.869999,59.220001,58.490002000000004,58.869999,45.336735,620300,45.336735,620300,0.0,0.24595081431973528,45.33672833333332,45.498451
205,205,2013-10-24,58.91,59.299999,58.75,59.080002,45.498451,1212400,45.498451,1212400,0.28857918859277504,0.48072024388400303,45.37010066666665,45.644779
206,206,2013-10-25,59.209998999999996,59.490002000000004,58.98,59.27,45.644779,833000,45.644779,833000,0.10133592469746006,0.33028700359235774,45.43170799999999,46.322472
207,207,2013-10-28,59.139998999999996,60.48,58.91,60.150002,46.322472,1512700,46.322472,1512700,1.7078170731791944,0.5997900964395673,45.49332166666667,46.561207
208,208,2013-10-29,60.310001,60.849998,59.849998,60.459998999999996,46.561207,1158300,46.561207,1158300,0.24871165231782458,0.4592694312857478,45.821900666666664,46.499598999999996
209,209,2013-10-30,60.57,61.240002000000004,60.07,60.380001,46.499598999999996,1072300,46.499598999999996,1072300,-0.3136849925705799,0.4251701728116269,46.17615266666667,46.568905
210,210,2013-10-31,60.27,60.700001,59.91,60.470001,46.568905,993100,46.568905,993100,0.3318417122946745,0.39376713477499453,46.461092666666666,46.183857
211,211,2013-11-01,60.52,60.700001,59.759997999999996,59.970001,46.183857,1012100,46.183857,1012100,-0.9087888301387965,0.4013006918797422,46.543237,46.561207
212,212,2013-11-04,60.080002,60.57,60.009997999999996,60.459998999999996,46.561207,1196800,46.561207,1196800,0.6324849989186018,0.47453479699799966,46.41745366666666,46.468803
213,213,2013-11-05,60.439999,60.669998,59.830002,60.34,46.468803,705900,46.468803,705900,-0.1654516903615383,0.27989147159165106,46.43798966666666,46.599716
214,214,2013-11-06,60.48,60.919998,60.16,60.509997999999996,46.599716,1120000,46.599716,1120000,0.04959986772486621,0.4440833661745986,46.40462233333333,46.453388000000004
215,215,2013-11-07,60.759997999999996,61.400002,60.169998,60.32,46.453388000000004,1226000,46.453388000000004,1226000,-0.7241573641921379,0.4861126847589803,46.543242,46.992466
216,216,2013-11-08,60.220001,61.43,60.139998999999996,61.02,46.992466,1331100,46.992466,1331100,1.328460622244094,0.5277851506384001,46.50730233333334,47.623965999999996
217,217,2013-11-11,60.82,62.060001,60.639998999999996,61.84,47.623965999999996,1661700,47.623965999999996,1661700,1.6770799079250296,0.6588690442610093,46.681856666666675,47.60857
218,218,2013-11-12,61.959998999999996,62.610001000000004,61.509997999999996,61.82,47.60857,2601600,47.60857,2601600,-0.22595061694561358,1.0315422191427106,47.02327333333334,48.809948
219,219,2013-11-13,62.779999,63.599998,62.77,63.380001,48.809948,3679500,48.809948,3679500,0.9557215826014962,1.4589328087852103,47.408334,48.848454
220,220,2013-11-14,63.189999,63.720001,62.439999,63.43,48.848454,3057900,48.848454,3057900,0.3798085200159593,1.2124665405583082,48.014161333333334,48.363285
221,221,2013-11-15,62.41,63.349998,62.130001,62.799999,48.363285,3027600,48.363285,3027600,0.6248982534850235,1.200452499491263,48.422324,48.116844
222,222,2013-11-18,63.02,63.040001000000004,62.240002000000004,62.48,48.116844,1954700,48.116844,1954700,-0.8568708346556748,0.7750444248763285,48.67389566666666,47.647076
223,223,2013-11-19,62.279999,62.91,61.82,61.869999,47.647076,2123000,47.647076,2123000,-0.6583172873846652,0.8417758807041722,48.442861,47.562366
224,224,2013-11-20,62.130001,62.529999,61.639998999999996,61.759997999999996,47.562366,1249000,47.562366,1249000,-0.5955303300252709,0.49523225388578007,48.04240166666667,47.855
225,225,2013-11-21,61.630001,62.27,61.630001,62.139998999999996,47.855,927700,47.855,927700,0.827515806790261,0.3678358382144421,47.77542866666667,47.8242
226,226,2013-11-22,61.93,62.25,61.810001,62.099998,47.8242,1180900,47.8242,1180900,0.274500242208945,0.46823039921034243,47.688147333333326,48.17075
227,227,2013-11-25,62.27,62.790001000000004,62.040001000000004,62.549999,48.17075,1104000,48.17075,1104000,0.449653123494454,0.43773931808639005,47.74718866666666,48.4403
228,228,2013-11-26,62.790001000000004,63.400002,62.57,62.900002,48.4403,1335700,48.4403,1335700,0.17518872152908055,0.5296090644637601,47.94998333333333,48.525406
229,229,2013-11-27,62.75,63.169998,62.43,62.709998999999996,48.525406,1181900,48.525406,1181900,-0.06374661354582267,0.46862690221585546,48.14508333333333,48.138512
230,230,2013-11-29,62.93,62.950001,62.09,62.209998999999996,48.138512,586200,48.138512,586200,-1.1441299856984004,0.2324300618317408,48.37881866666667,47.813515
231,231,2013-12-02,62.09,62.560001,61.75,61.790001000000004,47.813515,1147800,47.813515,1147800,-0.48316798196166805,0.45510614972786095,48.36807266666667,47.875415999999994
232,232,2013-12-03,61.66,62.330002,61.119999,61.869999,47.875415999999994,1018000,47.875415999999994,1018000,0.3405757379176182,0.4036400596122691,48.15914433333333,47.473038
233,233,2013-12-04,61.34,61.689999,60.93,61.349998,47.473038,1203000,47.473038,1203000,0.01629931529180951,0.4769931156321805,47.942480999999994,47.240894
234,234,2013-12-05,61.310001,61.330002,60.779999,61.049999,47.240894,855800,47.240894,855800,-0.42407763131499554,0.3393272721180549,47.72065633333333,46.70697
235,235,2013-12-06,61.389998999999996,61.5,60.18,60.360001000000004,46.70697,1730100,46.70697,1730100,-1.6777944563901883,0.685989849838101,47.52978266666667,46.970058
236,236,2013-12-09,60.540001000000004,60.98,60.419998,60.700001,46.970058,1230600,46.970058,1230600,0.2642880696351435,0.48793659858434024,47.14030066666666,47.411128999999995
237,237,2013-12-10,60.639998999999996,61.310001,60.529999,61.27,47.411128999999995,1374400,47.411128999999995,1374400,1.038919872013862,0.5449537307771146,46.972640666666656,47.039707
238,238,2013-12-11,61.220001,61.580002,60.650002,60.790001000000004,47.039707,1544500,47.039707,1544500,-0.70238483008192,0.6123988920148817,47.029385666666656,46.714698999999996
239,239,2013-12-12,60.790001000000004,61.139998999999996,60.189999,60.369999,46.714698999999996,1146000,46.714698999999996,1146000,-0.6909063877133408,0.4543924443179375,47.140297999999994,46.498043
240,240,2013-12-13,60.32,60.849998,60.07,60.09,46.498043,1046400,46.498043,1046400,-0.38129973474800544,0.4149007449688393,47.05517833333332,46.854
241,241,2013-12-16,60.259997999999996,60.77,60.23,60.549999,46.854,826400,46.854,826400,0.4812496011035443,0.3276700837559717,46.750816333333326,46.296856
242,242,2013-12-17,60.939999,60.950001,59.790001000000004,59.830002,46.296856,1427500,46.296856,1427500,-1.8214588418355568,0.5660080403698567,46.688914000000004,46.691497999999996
243,243,2013-12-18,59.830002,60.360001000000004,59.310001,60.34,46.691497999999996,1614600,46.691497999999996,1614600,0.8524118050338743,0.6401937527013455,46.549633,46.614117
244,244,2013-12-19,60.32,60.59,60.0,60.240002000000004,46.614117,841000,46.614117,841000,-0.1326226790450866,0.333459027636462,46.614118,47.34922
245,245,2013-12-20,60.41,61.610001000000004,60.360001000000004,61.189999,47.34922,2002600,47.34922,2002600,1.2911753021023071,0.7940369188404028,46.53415699999999,47.620064
246,246,2013-12-23,61.34,61.869999,61.240002000000004,61.540001000000004,47.620064,1124800,47.620064,1124800,0.32605314639713123,0.44598658060106117,46.884944999999995,47.666492
247,247,2013-12-24,61.48,61.810001,61.07,61.599998,47.666492,576600,47.666492,576600,0.19518217306441524,0.2286236329788157,47.194467,47.674229
248,248,2013-12-26,61.720001,62.0,61.580002,61.610001000000004,47.674229,609600,47.674229,609600,-0.17822423560880923,0.24170823216074583,47.545258666666676,47.52721
249,249,2013-12-27,61.049999,61.75,61.049999,61.419998,47.52721,527400,47.52721,527400,0.606058977986224,0.2091156851075744,47.653595,47.859932
250,250,2013-12-30,61.43,62.09,61.43,61.849998,47.859932,650700,47.859932,650700,0.6837017743773395,0.2580045056873315,47.62264366666667,47.821247
251,251,2013-12-31,61.889998999999996,62.139998999999996,61.669998,61.799999,47.821247,692300,47.821247,692300,-0.14541929464241277,0.27449903071667375,47.68712366666667,47.937317
252,252,2014-01-02,61.669998,62.200001,61.34,61.950001,47.937317,1177800,47.937317,1177800,0.454034391244833,0.467001239893252,47.73612966666667,48.107559
253,253,2014-01-03,61.950001,62.560001,61.73,62.169998,48.107559,807000,48.107559,807000,0.35512025254043067,0.3199779254490188,47.87283200000001,47.519455
254,254,2014-01-06,62.25,62.310001,61.25,61.41,47.519455,1693200,47.519455,1693200,-1.3493975903614512,0.67135888893467,47.95537433333334,47.016495
255,255,2014-01-07,61.48,61.919998,60.290001000000004,60.759997999999996,47.016495,1911200,47.016495,1911200,-1.17111581001952,0.7577965441365115,47.854777000000006,46.807564
256,256,2014-01-08,60.75,60.75,59.68,60.490002000000004,46.807564,1922900,46.807564,1922900,-0.42798024691357356,0.762435629301014,47.54783633333333,47.581364
257,257,2014-01-09,60.709998999999996,61.610001000000004,60.389998999999996,61.490002000000004,47.581364,2069800,47.581364,2069800,1.2848015365640308,0.8206819208108788,47.11450466666667,47.287323
258,258,2014-01-10,61.259997999999996,61.560001,60.59,61.110001000000004,47.287323,1181800,47.287323,1181800,-0.24485309320446264,0.46858725191530415,47.135141000000004,46.033764
259,259,2014-01-13,60.849998,61.139998999999996,59.330002,59.490002000000004,46.033764,1488000,46.033764,1488000,-2.234997608381179,0.5899964722033954,47.225417,46.234932
260,260,2014-01-14,59.48,60.27,59.48,59.75,46.234932,1575400,46.234932,1575400,0.45393409549428904,0.6246508348852345,46.96748366666666,47.101624
261,261,2014-01-15,59.68,60.900002,59.68,60.869999,47.101624,1488400,47.101624,1488400,1.9939661528150139,0.5901550734056005,46.518673,46.513523
262,262,2014-01-16,60.639998999999996,60.720001,59.880001,60.110001000000004,46.513523,1285300,46.513523,1285300,-0.8740072703497109,0.5096253129859032,46.45677333333333,46.374233000000004
263,263,2014-01-17,59.919998,60.549999,59.650002,59.93,46.374233000000004,1932800,46.374233000000004,1932800,0.016692256898940595,0.766361009055593,46.616693,46.16531
264,264,2014-01-21,60.209998999999996,60.34,59.259997999999996,59.66,46.16531,1301800,46.16531,1301800,-0.9134678776526798,0.5161676125768683,46.66312666666666,45.964115
265,265,2014-01-22,60.0,60.029999,59.220001,59.400002,45.964115,1098500,45.964115,1098500,-0.9999966666666656,0.4355585515560684,46.351022,45.701008
266,266,2014-01-23,59.0,59.099998,58.400002,59.060001,45.701008,1086800,45.701008,1086800,0.1016966101694911,0.43091946639156586,46.167886,45.004601
267,267,2014-01-24,58.66,58.900002,58.16,58.16,45.004601,1204900,45.004601,1204900,-0.8523695874531197,0.47774647134265524,45.943477666666666,44.741501
268,268,2014-01-27,58.189999,58.650002,57.73,57.82,44.741501,1413400,44.741501,1413400,-0.635846376281945,0.560417347992123,45.55657466666667,45.058758000000005
269,269,2014-01-28,57.869999,58.75,57.849998,58.23,45.058758000000005,1739800,45.058758000000005,1739800,0.6220857200982445,0.6898359289915774,45.14903666666667,43.874836
270,270,2014-01-29,57.93,58.34,56.619999,56.700001,43.874836,2124100,43.874836,2124100,-2.123250474710857,0.8422120340102366,44.93495333333334,44.362331
271,271,2014-01-30,57.119999,57.880001,57.0,57.330002,44.362331,1237200,44.362331,1237200,0.36765231736086057,0.49055351842072625,44.55836500000001,44.455189000000004
272,272,2014-01-31,56.790001000000004,57.720001,56.57,57.450001,44.455189000000004,1646200,44.455189000000004,1646200,1.1621764190495374,0.6527232476755573,44.431975000000016,43.108761
273,273,2014-02-03,57.330002,57.34,55.48,55.709998999999996,43.108761,1885100,43.108761,1885100,-2.8257508171724885,0.7474478156926213,44.23078533333334,42.853413
274,274,2014-02-04,55.970001,56.32,55.310001,55.380001,42.853413,2180900,42.853413,2180900,-1.0541361255291086,0.8647334047233769,43.975427,44.184353
275,275,2014-02-05,55.299999,57.360001000000004,54.900002,57.099998,44.184353,3223800,44.184353,3223800,3.2549711257680123,1.2782463891729205,43.47245433333334,45.422447
276,276,2014-02-06,57.360001000000004,59.029999,57.310001,58.700001,45.422447,1918800,45.422447,1918800,2.3361226928848837,0.7608099669784105,43.38217566666666,45.492092
277,277,2014-02-07,58.830002,59.360001000000004,58.369999,58.790001000000004,45.492092,1348900,45.492092,1348900,-0.06799421832417517,0.5348429041365322,44.153404333333334,45.306377000000005
278,278,2014-02-10,58.57,58.650002,57.950001,58.549999,45.306377000000005,1953400,45.306377000000005,1953400,-0.034148881680042,0.7745289709691615,45.032964000000014,45.592686
279,279,2014-02-11,58.66,59.16,58.110001000000004,58.919998,45.592686,1623900,45.592686,1623900,0.44322877599727767,0.6438812306526167,45.40697200000002,45.081974
280,280,2014-02-12,59.029999,59.330002,58.09,58.259997999999996,45.081974,1610200,45.081974,1610200,-1.3044231967545867,0.6384491394770881,45.463718333333354,45.314121
281,281,2014-02-13,57.860001000000004,58.68,57.299999,58.560001,45.314121,1280200,45.314121,1280200,1.209816778261023,0.5076031476577867,45.32701233333336,45.244476
282,282,2014-02-14,58.360001000000004,58.959998999999996,58.200001,58.470001,45.244476,873400,45.244476,873400,0.188485260649669,0.34630572501508433,45.32959366666669,45.592686
283,283,2014-02-18,58.849998,59.41,58.639998999999996,58.919998,45.592686,1751300,45.592686,1751300,0.11894647812902269,0.6943957135549773,45.213523666666696,45.561733000000004
284,284,2014-02-19,58.470001,59.41,57.75,58.880001,45.561733000000004,1532200,45.561733000000004,1532200,0.7012142859378377,0.6075219050470714,45.38376100000003,45.995067999999996
285,285,2014-02-20,58.880001,59.68,58.869999,59.439999,45.995067999999996,2680300,45.995067999999996,2680300,0.9510835436296956,1.0627470056765864,45.46629833333336,45.840313
286,286,2014-02-21,58.439999,59.970001,58.259997999999996,59.240002000000004,45.840313,4675700,45.840313,4675700,1.3689305504608305,1.8539291028772953,45.7164956666667,45.352802000000004
287,287,2014-02-24,59.490002000000004,59.84,58.599998,58.610001000000004,45.352802000000004,2854000,45.352802000000004,2854000,-1.4792418396624023,1.1316195777342004,45.79903800000003,45.832573
288,288,2014-02-25,58.669998,59.490002000000004,58.610001000000004,59.23,45.832573,2406700,45.832573,2406700,0.954494663524613,0.95426378336822,45.72939433333337,47.140301
289,289,2014-02-26,59.470001,61.25,59.330002,60.919998,47.140301,2240700,47.140301,2240700,2.4381990509803355,0.8884442844530563,45.67522933333336,47.488514
290,290,2014-02-27,60.830002,61.450001,60.689999,61.369999,47.488514,1786800,47.488514,1786800,0.8877149140978157,0.70847157025069,46.10855866666669,47.573624
291,291,2014-02-28,61.299999,61.669998,61.049999,61.48,47.573624,1878600,47.573624,1878600,0.29363948276736057,0.7448705461567866,46.82046266666669,47.364703999999996
292,292,2014-03-03,60.779999,61.439999,60.599998,61.209998999999996,47.364703999999996,1494800,47.364703999999996,1494800,0.7074695739958794,0.592692692640884,47.40081300000003,47.705181
293,293,2014-03-04,61.73,62.16,61.509997999999996,61.650002,47.705181,1445700,47.705181,1445700,-0.12959339057183905,0.573224395070194,47.47561400000003,47.651016
294,294,2014-03-05,61.610001000000004,61.950001,61.150002,61.580002,47.651016,1511100,47.651016,1511100,-0.04869177002610933,0.5991556916307464,47.54783633333336,47.907745
295,295,2014-03-06,61.27,61.869999,60.970001,61.580002,47.907745,1166800,47.907745,1166800,0.5059605026929936,0.46263970683260863,47.573633666666694,48.553459000000004
296,296,2014-03-07,61.919998,62.560001,61.779999,62.41,48.553459000000004,1361500,48.553459000000004,1361500,0.7913469247851024,0.5398388420059964,47.75464733333337,48.724609
297,297,2014-03-10,62.400002,62.82,62.240002000000004,62.630001,48.724609,1670300,48.724609,1670300,0.36858812921191797,0.6622789701084215,48.0374066666667,48.452324
298,298,2014-03-11,62.68,63.09,62.169998,62.279999,48.452324,1570100,48.452324,1570100,-0.6381636885769035,0.6225493689560154,48.39527100000003,48.390087
299,299,2014-03-12,62.290001000000004,62.360001000000004,61.779999,62.200001,48.390087,1093000,48.390087,1093000,-0.1444854688636197,0.4333777850257467,48.57679733333336,47.853283000000005
300,300,2014-03-13,62.299999,62.790001000000004,61.470001,61.509997999999996,47.853283000000005,1447700,47.853283000000005,1447700,-1.2680594104022436,0.57401740108122,48.52234000000002,47.713257
301,301,2014-03-14,61.439999,62.220001,61.25,61.330002,47.713257,1526200,47.713257,1526200,-0.17903157843475861,0.6051428870139932,48.23189800000002,48.304512
302,302,2014-03-17,61.650002,62.439999,61.639998999999996,62.09,48.304512,1289800,48.304512,1289800,0.7137031398636495,0.5114095765107118,47.98554233333335,48.553459000000004
303,303,2014-03-18,61.98,62.549999,61.98,62.41,48.553459000000004,1092300,48.553459000000004,1092300,0.6937721845756691,0.43310023292188754,47.95701733333336,48.374519
304,304,2014-03-19,62.310001,62.73,61.799999,62.18,48.374519,1096000,48.374519,1096000,-0.20863584964474646,0.4345672940422858,48.190409333333356,48.514557
305,305,2014-03-20,61.990002000000004,62.490002000000004,61.860001000000004,62.360001000000004,48.514557,897500,48.514557,897500,0.5968688305575469,0.35586144744794845,48.410830000000026,48.623478000000006
306,306,2014-03-21,62.849998,63.150002,62.450001,62.5,48.623478000000006,2000200,48.623478000000006,2000200,-0.5568782993437794,0.7930853116271716,48.48084500000002,48.078899
307,307,2014-03-24,62.52,62.82,61.700001,61.799999,48.078899,1321700,48.078899,1321700,-1.1516330774152326,0.5240580223865776,48.504184666666696,48.607918
308,308,2014-03-25,62.32,62.849998,62.119999,62.48,48.607918,1733700,48.607918,1733700,0.25673940949935264,0.6874172606579478,48.405644666666696,48.203381
309,309,2014-03-26,62.57,62.970001,61.849998,61.959998999999996,48.203381,1749700,48.203381,1749700,-0.9749097011347355,0.6937613087461564,48.43676500000003,48.063339
310,310,2014-03-27,61.959998999999996,62.450001,61.59,61.779999,48.063339,1505100,48.063339,1505100,-0.29051001114444774,0.5967766735976682,48.29673266666669,48.102234
311,311,2014-03-28,62.009997999999996,62.389998999999996,61.5,61.830002,48.102234,1203900,48.102234,1203900,-0.29026932076339623,0.4773499683371422,48.29154600000003,48.584579
312,312,2014-03-31,62.209998999999996,62.549999,61.759997999999996,62.450001,48.584579,1205000,48.584579,1205000,0.3857932870244927,0.47778612164320655,48.122984666666696,48.926888
313,313,2014-04-01,62.459998999999996,63.43,62.369999,62.889998999999996,48.926888,1444700,48.926888,1444700,0.6884406130073741,0.5728278920646809,48.25005066666669,49.502594
314,314,2014-04-02,62.860001000000004,63.939999,62.860001000000004,63.630001,49.502594,1380400,49.502594,1380400,1.224944301225824,0.5473327488101928,48.53790033333335,49.300315999999995
315,315,2014-04-03,63.630001,64.190002,63.09,63.369999,49.300315999999995,1768100,49.300315999999995,1768100,-0.408615426550127,0.7010569640475962,49.00468700000001,49.378105
316,316,2014-04-04,63.720001,64.18,63.380001,63.470001,49.378105,1834800,49.378105,1834800,-0.3923414878791355,0.7275037145153157,49.24326600000001,48.047771000000004
317,317,2014-04-07,63.34,63.419998,61.57,61.759997999999996,48.047771000000004,1316300,48.047771000000004,1316300,-2.494477423429124,0.5219169061568073,49.393671666666684,48.670158
318,318,2014-04-08,61.68,62.830002,61.32,62.560001,48.670158,1559900,48.670158,1559900,1.426720168612192,0.6185050382997824,48.90873066666669,48.880219
319,319,2014-04-09,62.73,62.900002,62.040001000000004,62.830002,48.880219,1066800,48.880219,1066800,0.1594165471066531,0.42298940628130516,48.69867800000003,47.861069
320,320,2014-04-10,62.869999,62.880001,61.509997999999996,61.52,47.861069,1173800,47.861069,1173800,-2.1472864982867215,0.4654152278711999,48.53271600000003,47.036411
321,321,2014-04-11,60.93,61.529999,60.25,60.459998999999996,47.036411,2256900,47.036411,2256900,-0.7713786312161552,0.8948676331423675,48.470482000000025,47.083092
322,322,2014-04-14,61.07,61.209998999999996,59.970001,60.52,47.083092,1161800,47.083092,1161800,-0.9006058621254251,0.46065719180504344,47.92589966666668,47.44096
323,323,2014-04-15,60.740002000000004,61.290001000000004,60.259997999999996,60.98,47.44096,1084700,47.44096,1084700,0.39512346410524124,0.4300868100799885,47.32685733333335,47.814388
324,324,2014-04-16,61.459998999999996,61.75,61.110001000000004,61.459998999999996,47.814388,788100,47.814388,788100,0.0,0.31248401864482245,47.18682100000001,47.332043
325,325,2014-04-17,61.32,61.400002,59.970001,60.84,47.332043,2254900,47.332043,2254900,-0.7827788649706408,0.8940746271313414,47.446146666666685,47.121994
326,326,2014-04-21,60.650002,60.900002,60.389998999999996,60.57,47.121994,1146300,47.121994,1146300,-0.13190766259166875,0.45451139521959144,47.52913033333335,47.316466999999996
327,327,2014-04-22,60.540001000000004,61.200001,60.240002000000004,60.82,47.316466999999996,1013900,47.316466999999996,1013900,0.4625024700610701,0.40201439728966565,47.42280833333336,48.148914000000005
328,328,2014-04-23,60.84,61.91,60.759997999999996,61.889998999999996,48.148914000000005,1521300,48.148914000000005,1521300,1.7258366206443005,0.6032000222869793,47.256834666666684,48.257839000000004
329,329,2014-04-24,62.0,62.43,61.82,62.029999,48.257839000000004,1125900,48.257839000000004,1125900,0.048385483870962184,0.4464227339071255,47.52912500000002,47.829941
330,330,2014-04-25,61.849998,62.009997999999996,61.360001000000004,61.48,47.829941,987900,47.829941,987900,-0.5982182893522526,0.3917053191463268,47.90774000000002,48.553459000000004
331,331,2014-04-28,61.939999,62.48,61.560001,62.41,48.553459000000004,1484400,48.553459000000004,1484400,0.758800464300938,0.5885690613835484,48.07889800000002,48.366749
332,332,2014-04-29,62.380001,62.52,61.810001,62.169998,48.366749,646500,48.366749,646500,-0.33665116485009416,0.2563391930641768,48.21374633333335,47.674355
333,333,2014-04-30,61.209998999999996,61.689999,60.709998999999996,61.279999,47.674355,1776400,47.674355,1776400,0.1143604004960044,0.7043479389933545,48.250049666666676,47.845509
334,334,2014-05-01,61.470001,61.799999,61.040001000000004,61.5,47.845509,820000,47.845509,820000,0.048802667174182336,0.3251324645206883,48.198187666666676,48.250065
335,335,2014-05-02,62.09,62.799999,61.610001000000004,62.02,48.250065,1079100,48.250065,1079100,-0.11273957158962841,0.4278663932491155,47.96220433333334,47.868839
336,336,2014-05-05,61.59,61.799999,61.080002,61.529999,47.868839,681700,47.868839,681700,-0.09742003572009555,0.2702960988582356,47.923309666666675,47.160889000000005
337,337,2014-05-06,61.259997999999996,61.66,60.41,60.619999,47.160889000000005,1177200,47.160889000000005,1177200,-1.0447257931676657,0.4667633380899442,47.98813766666668,47.199791
338,338,2014-05-07,60.689999,60.889998999999996,60.200001,60.669998,47.199791,1118900,47.199791,1118900,-0.03295600647480749,0.44364721286853426,47.759931000000016,47.674355
339,339,2014-05-08,60.549999,62.360001000000004,60.549999,61.279999,47.674355,987000,47.674355,987000,1.205615213965564,0.391348466441365,47.40983966666668,47.822165999999996
340,340,2014-05-09,61.189999,61.75,60.880001,61.470001,47.822165999999996,1084700,47.822165999999996,1084700,0.4575943856446266,0.4300868100799885,47.34501166666667,48.825752
341,341,2014-05-12,61.860001000000004,63.0,61.860001000000004,62.759997999999996,48.825752,1467300,48.825752,1467300,1.4548932839493358,0.5817888599892755,47.56543733333334,48.716831
342,342,2014-05-13,62.84,63.299999,62.34,62.619999,48.716831,1723200,48.716831,1723200,-0.3500970719287133,0.683253979100061,48.10742433333334,48.141135999999996
343,343,2014-05-14,62.68,62.849998,61.77,61.880001,48.141135999999996,1288800,48.141135999999996,1288800,-1.2763225909380977,0.5110130735051989,48.45491633333334,47.83773
344,344,2014-05-15,61.599998,61.799999,60.509997999999996,61.490002000000004,47.83773,2818700,47.83773,2818700,-0.17856494086249047,1.1176230216395904,48.561239666666665,54.886192
345,345,2014-05-16,67.010002,70.709999,66.75,70.550003,54.886192,8392800,54.886192,8392800,5.2827949475363445,3.327770424669796,48.231899,53.229099
346,346,2014-05-19,69.91999799999999,70.0,68.059998,68.41999799999999,53.229099,4602700,53.229099,4602700,-2.1453089858497996,1.8249843834748438,50.28835266666666,52.482245999999996
347,347,2014-05-20,68.239998,68.260002,67.07,67.459999,52.482245999999996,2899800,52.482245999999996,2899800,-1.1430231870757142,1.1497794153866974,51.98434033333333,52.521133
348,348,2014-05-21,67.760002,68.25,66.860001,67.510002,52.521133,1500200,52.521133,1500200,-0.36894922169571365,0.5948338088706543,53.53251233333333,52.536701
349,349,2014-05-22,67.57,68.489998,67.370003,67.529999,52.536701,1649500,52.536701,1649500,-0.05919934882342685,0.6540317075937504,52.74415933333333,52.785652
350,350,2014-05-23,67.58000200000001,69.410004,67.360001,67.849998,52.785652,2070000,52.785652,2070000,0.39952055639180345,0.8207612214119814,52.51336,52.84013
351,351,2014-05-27,67.949997,68.199997,67.510002,67.91999799999999,52.84013,1462900,52.84013,1462900,-0.044148640654102844,0.5800442467650181,52.61449533333333,52.730652
352,352,2014-05-28,67.629997,67.790001,66.730003,67.449997,52.730652,1682400,52.730652,1682400,-0.2661540854423028,0.6670766564751293,52.72082766666666,52.988647
353,353,2014-05-29,67.699997,67.849998,66.940002,67.779999,52.988647,1106800,52.988647,1106800,0.11817134940199105,0.43884952650182657,52.78547799999999,53.207542000000004
354,354,2014-05-30,67.639999,68.32,67.639999,68.059998,53.207542000000004,1467900,53.207542000000004,1467900,0.6209328891326418,0.5820267617925833,52.853142999999996,53.324799
355,355,2014-06-02,68.199997,68.83000200000001,68.139999,68.209999,53.324799,1270000,53.324799,1270000,0.014665689794678534,0.5035588170015538,52.975613666666675,53.184093000000004
356,356,2014-06-03,67.980003,68.370003,67.760002,68.029999,53.184093000000004,1111200,53.184093000000004,1111200,0.07354515709569366,0.4405941397260839,53.17366266666667,53.38734399999999
357,357,2014-06-04,67.940002,68.57,67.709999,68.290001,53.38734399999999,1385300,53.38734399999999,1385300,0.5151589486264614,0.5492756135372067,53.23881133333333,53.410796999999995
358,358,2014-06-05,68.209999,68.5,67.449997,68.32,53.410796999999995,1256000,53.410796999999995,1256000,0.1612681448653839,0.4980077749243713,53.29874533333333,53.778252
359,359,2014-06-06,68.449997,69.230003,68.449997,68.790001,53.778252,811200,53.778252,811200,0.4967187945968903,0.32164323807217354,53.32741133333334,53.668804
360,360,2014-06-09,68.949997,69.540001,68.58000200000001,68.650002,53.668804,890800,53.668804,890800,-0.4350906643259108,0.35320487731101113,53.52546433333333,53.606243000000006
361,361,2014-06-10,68.379997,68.860001,68.370003,68.57,53.606243000000006,909600,53.606243000000006,909600,0.27786342254444696,0.36065913381465614,53.61928433333333,53.090286
362,362,2014-06-11,68.08000200000001,68.5,67.690002,67.910004,53.090286,908300,53.090286,908300,-0.24970328291119429,0.3601436799074892,53.684433000000006,52.589939
363,363,2014-06-12,67.989998,68.129997,67.019997,67.269997,52.589939,821700,52.589939,821700,-1.0589807636117248,0.3258065196300604,53.455110999999995,53.074642000000004
364,364,2014-06-13,67.459999,68.110001,67.260002,67.889999,53.074642000000004,942400,53.074642000000004,942400,0.6374147737535645,0.3736644323954837,53.095489333333326,53.051189
365,365,2014-06-16,67.699997,68.209999,67.459999,67.860001,53.051189,1288300,53.051189,1288300,0.2363426988039611,0.5108148220024423,52.918288999999994,53.00428
366,366,2014-06-17,67.910004,68.220001,67.459999,67.800003,53.00428,947800,53.00428,947800,-0.16198055296830333,0.37580554862525406,52.905256666666666,53.395164
367,367,2014-06-18,67.839996,68.410004,67.58000200000001,68.300003,53.395164,1083300,53.395164,1083300,0.6780763961130017,0.42953170587227024,53.043370333333336,53.44208100000001
368,368,2014-06-19,68.300003,68.559998,68.07,68.360001,53.44208100000001,972600,53.44208100000001,972600,0.08784479848411296,0.38563882316197734,53.15021099999999,53.231003
369,369,2014-06-20,68.540001,68.540001,67.849998,68.089996,53.231003,1714300,53.231003,1714300,-0.6565582046023086,0.679725102350995,53.28050833333333,52.949562
370,370,2014-06-23,67.779999,68.0,67.620003,67.730003,52.949562,1139600,52.949562,1139600,-0.07376217282034374,0.45185482508265407,53.35608266666666,53.043372999999995
371,371,2014-06-24,67.66999799999999,68.339996,67.519997,67.849998,53.043372999999995,1280200,53.043372999999995,1280200,0.26599675679022017,0.5076031476577867,53.20754866666667,52.777565
372,372,2014-06-25,67.639999,68.040001,67.33000200000001,67.510002,52.777565,763400,52.777565,763400,-0.19218953566217975,0.30269039440865053,53.074646,52.871387
373,373,2014-06-26,67.370003,67.68,66.720001,67.629997,52.871387,1157500,52.871387,1157500,0.38591953157550857,0.4589522288813374,52.92350000000001,53.152813
374,374,2014-06-27,67.629997,68.25,67.629997,67.989998,53.152813,876300,53.152813,876300,0.5323096495183888,0.3474555837310721,52.89744166666668,53.105906999999995
375,375,2014-06-30,67.849998,68.150002,67.660004,67.93,53.105906999999995,853600,53.105906999999995,853600,0.11791009927517972,0.33845496550592624,52.933921666666684,53.700072999999996
376,376,2014-07-01,68.190002,68.83000200000001,67.889999,68.690002,53.700072999999996,838000,53.700072999999996,838000,0.7332453223861174,0.3322695186199229,53.04336900000001,53.621880000000004
377,377,2014-07-02,68.389999,69.0,68.300003,68.589996,53.621880000000004,1081900,53.621880000000004,1081900,0.2924360329351609,0.428976601664552,53.31959766666668,54.169121
378,378,2014-07-03,68.690002,69.459999,68.690002,69.290001,54.169121,641900,54.169121,641900,0.8734881096669596,0.25451527923881684,53.475953333333344,54.262939
379,379,2014-07-07,68.91999799999999,69.599998,68.839996,69.410004,54.262939,811600,54.262939,811600,0.7109779660759831,0.3218018392743788,53.83035800000001,54.567841
380,380,2014-07-08,69.370003,69.879997,68.91999799999999,69.800003,54.567841,1295000,54.567841,1295000,0.6198644679314874,0.5134713921393796,54.017980000000016,54.83363000000001
381,381,2014-07-09,69.83000200000001,70.559998,69.589996,70.139999,54.83363000000001,1374500,54.83363000000001,1374500,0.44393096251092135,0.5449933810776659,54.33330033333335,54.083133999999994
382,382,2014-07-10,69.260002,69.66999799999999,69.099998,69.18,54.083133999999994,805500,54.083133999999994,805500,-0.11550967035778203,0.31938317094074925,54.55480333333335,53.746967000000005
383,383,2014-07-11,69.0,69.370003,68.370003,68.75,53.746967000000005,1025000,53.746967000000005,1025000,-0.36231884057971014,0.40641558065086036,54.49486833333335,53.754791000000004
384,384,2014-07-14,69.120003,69.279999,68.709999,68.760002,53.754791000000004,1365100,53.754791000000004,1365100,-0.5208347574869129,0.5412662528258434,54.22124366666668,53.199741
385,385,2014-07-15,68.5,68.739998,68.0,68.050003,53.199741,1184900,53.199741,1184900,-0.6569299270072937,0.46981641123239454,53.861630666666684,53.285725
386,386,2014-07-16,68.25,68.33000200000001,67.629997,68.160004,53.285725,940600,53.285725,940600,-0.13186227106227005,0.37295072698556025,53.56716633333335,52.691573999999996
387,387,2014-07-17,67.790001,68.010002,67.300003,67.400002,52.691573999999996,783600,52.691573999999996,783600,-0.5753046087136111,0.3106997551200138,53.413419000000005,53.145008
388,388,2014-07-18,67.650002,68.019997,67.349998,67.980003,53.145008,999200,53.145008,999200,0.48780634182390087,0.39618580310862406,53.05901333333333,52.871387
389,389,2014-07-21,67.779999,68.129997,67.400002,67.629997,52.871387,779700,52.871387,779700,-0.22130717352179455,0.309153393398513,53.04076899999999,52.957370999999995
390,390,2014-07-22,67.739998,68.0,67.66999799999999,67.739998,52.957370999999995,770000,52.957370999999995,770000,0.0,0.30530731424503654,52.90265633333333,52.973018999999994
391,391,2014-07-23,67.870003,68.129997,67.68,67.760002,52.973018999999994,949400,52.973018999999994,949400,-0.16207602053590142,0.37643995343407494,52.99125533333333,53.754791000000004
392,392,2014-07-24,67.989998,69.220001,67.989998,68.760002,53.754791000000004,787900,53.754791000000004,787900,1.132525404692614,0.3124047180437199,52.93392566666666,53.223186
393,393,2014-07-25,68.489998,68.870003,68.029999,68.08000200000001,53.223186,714700,53.223186,714700,-0.5986217140785907,0.28338069804016575,53.22839366666667,53.934597
394,394,2014-07-28,68.190002,69.190002,68.0,68.989998,53.934597,1086800,53.934597,1086800,1.1731866498551986,0.43091946639156586,53.31699866666667,53.864243
395,395,2014-07-29,68.989998,69.389999,68.860001,68.900002,53.864243,866900,53.864243,866900,-0.1304478947803409,0.3437284554792496,53.63752466666667,54.872726
396,396,2014-07-30,69.110001,70.25,68.93,70.190002,54.872726,949900,54.872726,949900,1.562727513200311,0.3766382049368315,53.67400866666666,54.122218999999994
397,397,2014-07-31,69.68,70.190002,69.190002,69.230003,54.122218999999994,1046700,54.122218999999994,1046700,-0.6458051090700493,0.4150196958704932,54.223855333333326,53.903316000000004
398,398,2014-08-01,68.440002,69.400002,68.440002,68.949997,53.903316000000004,1101200,53.903316000000004,1101200,0.7451709308833586,0.4366291096709536,54.286395999999996,54.372391
399,399,2014-08-04,68.949997,69.779999,68.730003,69.550003,54.372391,837000,54.372391,837000,0.87020453387403,0.33187301561440985,54.29942033333333,53.660968999999994
400,400,2014-08-05,69.129997,69.349998,68.389999,68.639999,53.660968999999994,1085600,53.660968999999994,1085600,-0.7088066270276272,0.4304436627849502,54.132642,54.208218
401,401,2014-08-06,68.360001,69.68,68.360001,69.339996,54.208218,1026500,54.208218,1026500,1.433579557729969,0.4070103351591299,53.978891999999995,53.629704000000004
402,402,2014-08-07,69.540001,69.790001,68.43,68.599998,53.629704000000004,1054100,53.629704000000004,1054100,-1.3517443003775687,0.4179538181112896,54.080525999999985,54.677288
403,403,2014-08-08,69.019997,69.989998,68.599998,69.940002,54.677288,1361300,54.677288,1361300,1.332954274106971,0.5397595414048938,53.83296366666665,54.067496999999996
404,404,2014-08-11,70.0,70.129997,68.82,69.160004,54.067496999999996,1673700,54.067496999999996,1673700,-1.1999942857142847,0.6636270803271658,54.17173666666665,53.715706000000004
405,405,2014-08-12,69.370003,69.57,68.57,68.709999,53.715706000000004,1480800,53.715706000000004,1480800,-0.9514256471922031,0.5871416505637015,54.12482966666666,53.254448
406,406,2014-08-13,68.040001,68.18,66.900002,68.120003,53.254448,2691300,53.254448,2691300,0.11758083307493374,1.0671085387372297,54.153496999999994,53.700072999999996
407,407,2014-08-14,68.300003,68.709999,67.760002,68.690002,53.700072999999996,2820300,53.700072999999996,2820300,0.5710087596921527,1.118257426448411,53.679216999999994,50.901314
408,408,2014-08-15,65.550003,66.489998,64.91999799999999,65.110001,50.901314,6070400,50.901314,6070400,-0.6712463460909481,2.4069318446663246,53.556742333333325,51.690899
409,409,2014-08-18,65.58000200000001,66.150002,65.470001,66.120003,51.690899,1830500,51.690899,1830500,0.8234232746744798,0.7257987515916096,52.61861166666665,52.7463
410,410,2014-08-19,66.190002,67.610001,66.190002,67.470001,52.7463,1542300,52.7463,1542300,1.933825292828952,0.6115265854027531,52.09742866666665,53.465527
411,411,2014-08-20,67.470001,68.599998,67.18,68.389999,53.465527,1399700,53.465527,1399700,1.3635660091364261,0.5549852568165944,51.779504333333314,53.887691000000004
412,412,2014-08-21,68.400002,69.160004,68.260002,68.93,53.887691000000004,1298900,53.887691000000004,1298900,0.7748508545365338,0.5150177538608804,52.63424199999999,54.294208999999995
413,413,2014-08-22,69.16999799999999,69.660004,68.860001,69.449997,54.294208999999995,1380500,54.294208999999995,1380500,0.4047983346768402,0.5473723991107441,53.366505999999994,54.536572
414,414,2014-08-25,69.760002,69.889999,69.449997,69.760002,54.536572,904300,54.536572,904300,0.0,0.3585576678854371,53.882475666666664,54.888367
415,415,2014-08-26,69.75,70.559998,69.5,70.209999,54.888367,1293400,54.888367,1293400,0.6594967741935431,0.5128369873305588,54.23949066666666,54.731998
416,416,2014-08-27,70.32,70.489998,69.809998,70.010002,54.731998,986800,54.731998,986800,-0.44083902161546235,0.39126916584026245,54.57304933333332,54.70059200000001
417,417,2014-08-28,69.199997,70.050003,68.849998,69.639999,54.70059200000001,858300,54.70059200000001,858300,0.6358410680278019,0.3403185296318375,54.71897899999999,54.394249
418,418,2014-08-29,69.709999,69.870003,69.190002,69.25,54.394249,920000,54.394249,920000,-0.6598752067117319,0.3647827650719917,54.773652333333324,54.315704000000004
419,419,2014-09-02,69.300003,69.849998,68.66999799999999,69.150002,54.315704000000004,1390700,54.315704000000004,1390700,-0.21645165008146267,0.5514167297669771,54.608946333333314,54.70059200000001
420,420,2014-09-03,69.18,70.0,68.889999,69.639999,54.70059200000001,1181000,54.70059200000001,1181000,0.6649306157849035,0.46827004951089374,54.470181666666655,55.321121
421,421,2014-09-04,71.0,71.449997,70.410004,70.43,55.321121,1833500,55.321121,1833500,-0.8028169014084411,0.7269882606081487,54.470181666666655,55.478191
422,422,2014-09-05,70.099998,70.639999,69.41999799999999,70.629997,55.478191,1561200,55.478191,1561200,0.7560613625124549,0.6190204922069494,54.77913899999999,54.967663
423,423,2014-09-08,70.410004,70.660004,69.629997,69.980003,54.967663,1309000,54.967663,1309000,-0.610710091707997,0.5190224342165621,55.16663466666665,54.472809
424,424,2014-09-09,69.75,69.82,69.269997,69.349998,54.472809,1328200,54.472809,1328200,-0.5734795698924741,0.5266352919224124,55.25565833333332,54.017208
425,425,2014-09-10,69.260002,69.410004,68.529999,68.769997,54.017208,1273900,54.017208,1273900,-0.7074862631392884,0.5051051787230546,54.97288766666666,54.174316000000005
426,426,2014-09-11,68.589996,69.040001,68.529999,68.970001,54.174316000000005,961300,54.174316000000005,961300,0.5540239425002985,0.38115833919968006,54.485893333333316,54.260715000000005
427,427,2014-09-12,69.040001,69.32,68.699997,69.08000200000001,54.260715000000005,1036900,54.260715000000005,1036900,0.05793887517470303,0.41113396641646544,54.22144433333332,54.127193000000005
428,428,2014-09-15,68.91999799999999,69.220001,68.620003,68.910004,54.127193000000005,705300,54.127193000000005,705300,-0.014500870995370379,0.2796535697883432,54.15074633333332,54.582764000000005
429,429,2014-09-16,68.68,69.989998,68.68,69.489998,54.582764000000005,988200,54.582764000000005,988200,1.179379732090846,0.39182427004798065,54.187407999999984,54.488525
430,430,2014-09-17,69.639999,69.720001,69.129997,69.370003,54.488525,1137300,54.488525,1137300,-0.3877024754121638,0.4509428681699741,54.32355733333332,54.409954000000006
431,431,2014-09-18,69.440002,69.650002,69.160004,69.269997,54.409954000000006,697900,54.409954000000006,697900,-0.24482286161224948,0.27671944754754674,54.39949399999998,54.496353000000006
432,432,2014-09-19,69.629997,69.660004,69.019997,69.379997,54.496353000000006,1315700,54.496353000000006,1315700,-0.35904065887005565,0.5216790043534995,54.49374766666665,53.671616
433,433,2014-09-22,69.300003,69.449997,68.279999,68.33000200000001,53.671616,1124900,53.671616,1124900,-1.3997127821192104,0.4460262309016125,54.46494399999998,53.145343999999994
434,434,2014-09-23,68.059998,68.459999,67.620003,67.660004,53.145343999999994,1317200,53.145343999999994,1317200,-0.5877079220601689,0.522273758861769,54.19264099999998,54.33139
435,435,2014-09-24,67.769997,69.199997,67.75,69.16999799999999,54.33139,1008600,54.33139,1008600,2.06581239777831,0.3999129313604466,53.77110433333331,53.734443999999996
436,436,2014-09-25,69.019997,69.440002,68.32,68.410004,53.734443999999996,893900,53.734443999999996,893900,-0.883791693007467,0.3544340366281015,53.71611666666664,54.150749
437,437,2014-09-26,68.58000200000001,69.220001,68.449997,68.940002,54.150749,967900,54.150749,967900,0.5249343678934267,0.3837752590360661,53.73705933333331,53.930824
438,438,2014-09-29,68.459999,68.949997,68.260002,68.660004,53.930824,1007900,53.930824,1007900,0.29214870423822886,0.39963537925658743,54.07219433333331,53.703033
439,439,2014-09-30,68.58000200000001,68.730003,67.879997,68.370003,53.703033,1273900,53.703033,1273900,-0.30621025645349276,0.5051051787230546,53.93867233333331,53.082512
440,440,2014-10-01,68.360001,68.360001,66.08000200000001,67.58000200000001,53.082512,1985200,53.082512,1985200,-1.1410166597276519,0.7871377665444761,53.92820199999998,54.064354
441,441,2014-10-02,67.5,69.019997,67.449997,68.83000200000001,54.064354,1406300,54.064354,1406300,1.9703733333333444,0.5576021766529804,53.57212299999998,55.21114300000001
442,442,2014-10-03,69.230003,70.470001,69.08000200000001,70.290001,55.21114300000001,1813600,55.21114300000001,1813600,1.5311251683753464,0.7190978507984394,53.616632999999986,54.93623
443,443,2014-10-06,70.43,70.699997,69.91999799999999,69.940002,54.93623,2171100,54.93623,2171100,-0.6957234133181881,0.8608476752693491,54.11933633333333,54.433521
444,444,2014-10-07,69.58000200000001,69.83000200000001,68.940002,69.300003,54.433521,1304300,54.433521,1304300,-0.4024130381600214,0.5171588700906509,54.73724233333332,55.493927
445,445,2014-10-08,69.349998,70.720001,68.970001,70.650002,55.493927,1562700,55.493927,1562700,1.8745552090715292,0.619615246715219,54.86029799999999,54.841972
446,446,2014-10-09,70.290001,71.08000200000001,69.75,69.82,54.841972,2071100,54.841972,2071100,-0.6686598283019095,0.8211973747180457,54.95455933333333,55.014778
447,447,2014-10-10,69.900002,71.059998,69.66999799999999,70.040001,55.014778,1461900,55.014778,1461900,0.20028468668713784,0.5796477437595051,54.92314,54.229293999999996
448,448,2014-10-13,69.730003,70.5,68.980003,69.040001,54.229293999999996,1316900,54.229293999999996,1316900,-0.9895338739623928,0.5221548079601152,55.11689233333334,54.834129000000004
449,449,2014-10-14,69.309998,70.160004,69.029999,69.809998,54.834129000000004,2230300,54.834129000000004,2230300,0.7213966446803245,0.8843206531957208,54.695348,53.812996
450,450,2014-10-15,68.93,69.07,66.809998,68.510002,53.812996,2828700,53.812996,2828700,-0.6093108951109919,1.1215880516947205,54.692733666666676,53.671616
451,451,2014-10-16,67.41999799999999,68.709999,66.91999799999999,68.33000200000001,53.671616,2170400,53.671616,2170400,1.34975382230064,0.8605701231654901,54.29213966666668,54.182175
452,452,2014-10-17,68.709999,69.519997,67.650002,68.980003,54.182175,1770800,54.182175,1770800,0.39296172890353287,0.7021275221624814,54.10624700000002,55.030487
453,453,2014-10-20,68.709999,70.209999,68.550003,70.059998,55.030487,1152000,55.030487,1152000,1.9647780812804216,0.45677146235101573,53.88892900000002,56.26368000000001
454,454,2014-10-21,70.699997,71.75,70.32,71.629997,56.26368000000001,1451100,56.26368000000001,1451100,1.3154173118281842,0.5753655112999644,54.29475933333335,55.800262
455,455,2014-10-22,71.589996,72.389999,70.959999,71.040001,55.800262,1162000,55.800262,1162000,-0.7682567826934864,0.46073649240614606,55.15878066666669,56.373653000000004
456,456,2014-10-23,71.540001,72.25,71.349998,71.769997,56.373653000000004,1240100,56.373653000000004,1240100,0.3214928666271613,0.4917033771367141,55.69814300000002,55.92591899999999
457,457,2014-10-24,71.470001,71.610001,70.690002,71.199997,55.92591899999999,1266500,55.92591899999999,1266500,-0.3777864785534285,0.5021710564822581,56.145865000000036,56.30295600000001
458,458,2014-10-27,71.25,71.790001,70.779999,71.68,56.30295600000001,894400,56.30295600000001,894400,0.6035087719298341,0.35463228813085806,56.03327800000003,55.973064
459,459,2014-10-28,70.910004,71.400002,70.220001,71.260002,55.973064,1174300,55.973064,1174300,0.49358056727792504,0.46561347937395636,56.200842666666695,56.06731800000001
460,460,2014-10-29,71.260002,71.949997,70.91999799999999,71.379997,56.06731800000001,930000,56.06731800000001,930000,0.1683903966210988,0.3687477951271221,56.067313000000034,56.876354000000006
461,461,2014-10-30,71.309998,72.93,71.199997,72.410004,56.876354000000006,1154300,56.876354000000006,1154300,1.5425691079110782,0.4576834192636957,56.11444600000004,57.033451
462,462,2014-10-31,73.300003,73.739998,72.290001,72.610001,57.033451,1253600,57.033451,1253600,-0.9413396613367218,0.49705616771114003,56.30557866666671,56.978457999999996
463,463,2014-11-03,72.599998,72.720001,72.0,72.540001,56.978457999999996,960600,56.978457999999996,960600,-0.08264049814436034,0.3808807870958209,56.65904100000005,56.577877
464,464,2014-11-04,72.08000200000001,72.389999,71.440002,72.029999,56.577877,1562400,56.577877,1562400,-0.06937152970667756,0.619496295813565,56.96275433333338,56.758541
465,465,2014-11-05,72.510002,72.739998,71.959999,72.260002,56.758541,943600,56.758541,943600,-0.34478002083078135,0.37414023600209934,56.86326200000004,57.873913
466,466,2014-11-06,72.449997,73.940002,72.260002,73.68,57.873913,1505600,57.873913,1505600,1.6977267783737944,0.5969749251004247,56.77162533333338,57.677547
467,467,2014-11-07,73.440002,73.93,73.07,73.43,57.677547,1354800,57.677547,1354800,-0.01361928067485628,0.5371822718690591,57.07011033333339,56.860638
468,468,2014-11-10,73.550003,73.639999,71.82,72.389999,56.860638,1669700,56.860638,1669700,-1.5771637697961762,0.6620410683051137,57.43666700000006,55.360381999999994
469,469,2014-11-11,72.309998,72.309998,70.349998,70.480003,55.360381999999994,3712900,55.360381999999994,3712900,-2.530763449889733,1.4721760091693457,57.470699333333386,57.221962
470,470,2014-11-12,70.540001,73.16999799999999,70.209999,72.849998,57.221962,2692500,57.221962,2692500,3.274733438123988,1.0675843423438454,56.63285566666671,57.536159999999995
471,471,2014-11-13,72.720001,73.620003,72.360001,73.25,57.536159999999995,3020500,57.536159999999995,3020500,0.7288214971284224,1.1976373281521207,56.48099400000004,58.258789
472,472,2014-11-14,74.199997,75.68,73.68,74.16999799999999,58.258789,4140600,58.258789,4140600,-0.04042992077210416,1.6417603446272706,56.70616800000004,57.551871999999996
473,473,2014-11-17,73.870003,74.33000200000001,73.089996,73.269997,57.551871999999996,1617000,57.551871999999996,1617000,-0.8122458042948684,0.6411453599145768,57.672303666666714,57.748222
474,474,2014-11-18,73.019997,73.68,72.690002,73.519997,57.748222,1318500,57.748222,1318500,0.6847439339116926,0.522789212768936,57.78227366666672,57.976017000000006
475,475,2014-11-19,73.480003,73.910004,73.010002,73.809998,57.976017000000006,1023300,57.976017000000006,1023300,0.44909497349911204,0.4057415255414882,57.85296100000005,58.887173
476,476,2014-11-20,73.610001,75.300003,73.480003,74.970001,58.887173,1174300,58.887173,1174300,1.8475750326372085,0.46561347937395636,57.75870366666672,58.981421999999995
477,477,2014-11-21,75.730003,75.870003,74.93,75.089996,58.981421999999995,1181400,58.981421999999995,1181400,-0.8451168290591473,0.4684286507130989,58.20380400000005,59.90044399999999
478,478,2014-11-24,75.199997,76.440002,75.089996,76.260002,59.90044399999999,1159600,59.90044399999999,1159600,1.409581173254573,0.45978488519291477,58.61487066666672,59.609814
479,479,2014-11-25,76.75,77.150002,75.790001,75.889999,59.609814,1202200,59.609814,1202200,-1.1205224755700285,0.47667591322777003,59.256346333333376,59.491482
480,480,2014-11-26,75.730003,76.0,75.25,75.410004,59.491482,990900,59.491482,990900,-0.42255247236685795,0.39289482816286586,59.49722666666671,60.24094
481,481,2014-11-28,75.790001,77.199997,75.790001,76.360001,60.24094,565900,60.24094,565900,0.7520781006454837,0.2243810508198262,59.66724666666672,59.68082
482,482,2014-12-01,76.07,76.16999799999999,75.16999799999999,75.650002,59.68082,1053500,59.68082,1053500,-0.5521204154068524,0.4177159163079818,59.780745333333385,59.775486
483,483,2014-12-02,75.83000200000001,76.209999,75.010002,75.769997,59.775486,947300,59.775486,947300,-0.07913094872396793,0.3756072971224976,59.80441400000006,60.217262
484,484,2014-12-03,75.769997,76.510002,75.400002,76.33000200000001,60.217262,814200,60.217262,814200,0.7390854192590292,0.3228327470887127,59.89908200000006,59.720268000000004
485,485,2014-12-04,75.860001,76.050003,75.300003,75.699997,59.720268000000004,924200,59.720268000000004,924200,-0.21092011322277823,0.3664480776951465,59.891189333333394,59.601925
486,486,2014-12-05,75.82,75.949997,75.300003,75.550003,59.601925,676500,59.601925,676500,-0.35610261144815275,0.2682342832295678,59.90433866666674,58.828793000000005
487,487,2014-12-08,75.16999799999999,75.540001,74.300003,74.57,58.828793000000005,1218700,58.828793000000005,1218700,-0.7981881281944418,0.4832182128187351,59.846485000000065,58.884003
488,488,2014-12-09,74.0,74.730003,73.769997,74.639999,58.884003,1264900,58.884003,1264900,0.8648635135135178,0.5015366516734373,59.38366200000007,57.897881000000005
489,489,2014-12-10,74.739998,74.900002,73.290001,73.389999,57.897881000000005,1495600,57.897881000000005,1495600,-1.806260417614671,0.5930098950452943,59.104907000000075,58.528996
490,490,2014-12-11,74.059998,75.209999,73.959999,74.190002,58.528996,1220500,58.528996,1220500,0.1755387571034147,0.48393191822865855,58.53689233333341,58.891914
491,491,2014-12-12,73.910004,75.400002,73.690002,74.650002,58.891914,1032400,58.891914,1032400,1.0012149370198924,0.4093497028916568,58.43696000000008,59.507236
492,492,2014-12-15,75.059998,76.08000200000001,74.43,75.43,59.507236,1625100,59.507236,1625100,0.49294165981727545,0.6443570342592323,58.43959700000007,59.041793999999996
493,493,2014-12-16,75.269997,75.730003,74.660004,74.839996,59.041793999999996,1536600,59.041793999999996,1536600,-0.5712780883995575,0.6092665182713288,58.976048666666735,59.775486
494,494,2014-12-17,75.0,75.93,74.629997,75.769997,59.775486,1153700,59.775486,1153700,1.0266626666666714,0.45744551746038786,59.14698133333339,61.156075
495,495,2014-12-18,77.029999,77.58000200000001,76.220001,77.519997,61.156075,1080400,61.156075,1080400,0.6361132109063118,0.42838184715628247,59.441505333333396,60.824718000000004
496,496,2014-12-19,77.860001,77.93,76.209999,77.099998,60.824718000000004,1897100,60.824718000000004,1897100,-0.9761148089376438,0.7522058517587777,59.99111833333339,61.156075
497,497,2014-12-22,77.160004,77.739998,76.660004,77.519997,61.156075,810400,61.156075,810400,0.46655388975874457,0.32132603566776313,60.585426333333395,62.102759999999996
498,498,2014-12-23,77.75,79.0,77.639999,78.720001,62.102759999999996,855500,62.102759999999996,855500,1.2475897106109277,0.339208321216401,61.04562266666672,61.645191000000004
499,499,2014-12-24,78.91999799999999,79.220001,78.120003,78.139999,61.645191000000004,350300,61.645191000000004,350300,-0.9883413833842083,0.13889500283121597,61.36118433333339,61.66885
500,500,2014-12-26,78.290001,78.989998,78.07,78.16999799999999,61.66885,413800,61.66885,413800,-0.15328011044476952,0.16407294368129366,61.634675333333384,62.465649
501,501,2014-12-29,78.25,79.57,78.129997,79.18,62.465649,824400,62.465649,824400,1.1884984025559193,0.3268770777449456,61.80560033333338,62.134308
502,502,2014-12-30,78.91999799999999,79.300003,78.620003,78.760002,62.134308,771400,62.134308,771400,-0.20273188552284616,0.3058624184527548,61.92656333333338,62.63134399999999
503,503,2014-12-31,79.040001,80.540001,79.040001,79.389999,62.63134399999999,1379900,62.63134399999999,1379900,0.4428112292154442,0.5471344973074362,62.089602333333374,61.826637
504,504,2015-01-02,79.660004,80.050003,77.599998,78.370003,61.826637,871300,61.826637,871300,-1.619383549114564,0.3454730687035069,62.410433666666705,60.966736
505,505,2015-01-05,77.699997,77.809998,76.949997,77.279999,60.966736,1176900,60.966736,1176900,-0.5405379874081495,0.46664438718829027,62.1974296666667,60.580177
506,506,2015-01-06,77.459999,78.029999,76.32,76.790001,60.580177,1434900,60.580177,1434900,-0.8649599905107055,0.5689421626106532,61.808239000000036,62.65499499999999
507,507,2015-01-07,78.089996,79.639999,77.720001,79.41999799999999,62.65499499999999,1720400,62.65499499999999,1720400,1.7031656654201817,0.6821437706846245,61.1245166666667,62.939003
508,508,2015-01-08,79.949997,80.050003,79.410004,79.779999,62.939003,1229800,62.939003,1229800,-0.21263040197486505,0.4876193961799298,61.40063600000003,61.92919499999999
509,509,2015-01-09,79.779999,79.779999,78.300003,78.5,61.92919499999999,972600,61.92919499999999,972600,-1.6044109000302238,0.38563882316197734,62.058058333333356,61.834538
510,510,2015-01-12,78.379997,78.900002,78.029999,78.379997,61.834538,953300,61.834538,953300,0.0,0.3779863151555758,62.50773100000003,61.495289
511,511,2015-01-13,79.190002,79.57,77.43,77.949997,61.495289,1108100,61.495289,1108100,-1.5658605489112256,0.4393649804089935,62.23424533333337,60.777397
512,512,2015-01-14,76.589996,77.32,75.940002,77.040001,60.777397,1284400,60.777397,1284400,0.5875506247578397,0.5092684602809415,61.75300733333336,59.783379000000004
513,513,2015-01-15,77.709999,78.199997,75.720001,75.779999,59.783379000000004,961600,59.783379000000004,961600,-2.4835928771534186,0.38127729010133393,61.3690746666667,60.659057999999995
514,514,2015-01-16,75.959999,76.970001,74.870003,76.889999,60.659057999999995,1553500,60.659057999999995,1553500,1.2243286101149196,0.615967419064499,60.68535500000002,59.728153000000006
515,515,2015-01-20,77.0,77.199997,75.220001,75.709999,59.728153000000006,1270800,59.728153000000006,1270800,-1.6753259740259787,0.5038760194059642,60.40661133333335,59.933254000000005
516,516,2015-01-21,75.540001,76.400002,75.489998,75.970001,59.933254000000005,1008100,59.933254000000005,1008100,0.5692348349320152,0.39971467985769005,60.056863333333354,61.061401000000004
517,517,2015-01-22,76.190002,77.510002,75.980003,77.400002,61.061401000000004,1130600,61.061401000000004,1130600,1.588134884154477,0.44828629803303677,60.10682166666669,60.808944999999994
518,518,2015-01-23,77.5,77.779999,77.0,77.08000200000001,60.808944999999994,987700,60.808944999999994,987700,-0.5419329032257969,0.39162601854522416,60.240936000000026,61.526855000000005
519,519,2015-01-26,76.879997,78.040001,76.709999,77.989998,61.526855000000005,1229300,61.526855000000005,1229300,1.4438098898468958,0.4874211446771733,60.60120000000003,62.102759999999996
520,520,2015-01-27,77.349998,79.260002,77.050003,78.720001,62.102759999999996,1549900,62.102759999999996,1549900,1.7711739307349392,0.6145400082446522,61.13240033333336,61.424301
521,521,2015-01-28,79.199997,79.889999,77.769997,77.860001,61.424301,1353600,61.424301,1353600,-1.6919142055018,0.5367064682624435,61.479520000000015,61.747733999999994
522,522,2015-01-29,78.089996,78.790001,77.33000200000001,78.269997,61.747733999999994,1078100,61.747733999999994,1078100,0.23050455784375287,0.4274698902436025,61.68463866666669,60.114712
523,523,2015-01-30,77.370003,77.790001,76.129997,76.199997,60.114712,1288800,60.114712,1288800,-1.512221732756041,0.5110130735051989,61.758265000000016,60.406597
524,524,2015-02-02,76.059998,76.730003,74.510002,76.57,60.406597,1295600,60.406597,1295600,0.6705259182362852,0.5137092939426875,61.09558233333335,62.236869999999996
525,525,2015-02-03,77.050003,78.91999799999999,76.809998,78.889999,62.236869999999996,1361900,62.236869999999996,1361900,2.3880544170776985,0.5399974432082016,60.75634766666669,62.244766000000006
526,526,2015-02-04,78.5,79.220001,78.129997,78.900002,62.244766000000006,1208700,62.244766000000006,1208700,0.5095566878980899,0.4792531827636048,60.919393000000035,62.134308
527,527,2015-02-05,79.050003,79.68,78.5,78.760002,62.134308,944600,62.134308,944600,-0.3668576710870001,0.37453673900761236,61.62941100000003,61.92919499999999
528,528,2015-02-06,79.059998,79.239998,78.150002,78.5,61.92919499999999,804800,61.92919499999999,804800,-0.7083202810098643,0.31910561883689015,62.2053146666667,61.944965
529,529,2015-02-09,77.900002,78.709999,77.900002,78.519997,61.944965,1030500,61.944965,1030500,0.7958857305292534,0.40859634718118204,62.10275633333337,62.528763
530,530,2015-02-10,78.989998,79.379997,78.730003,79.260002,62.528763,997100,62.528763,997100,0.3418204922602987,0.3953531467970467,62.0028226666667,62.347308999999996
531,531,2015-02-11,79.5,79.760002,78.720001,79.029999,62.347308999999996,1073100,62.347308999999996,1073100,-0.5911962264150897,0.4254873752160373,62.1343076666667,62.615547
532,532,2015-02-12,79.239998,79.459999,78.58000200000001,79.370003,62.615547,907400,62.615547,907400,0.1640648703701343,0.35978682720252747,62.27367900000004,62.647087
533,533,2015-02-13,79.529999,79.650002,79.129997,79.410004,62.647087,708200,62.647087,708200,-0.15088017290180394,0.28080342850433104,62.49720633333337,62.244766000000006
534,534,2015-02-17,78.25,79.43,78.18,78.900002,62.244766000000006,1502000,62.244766000000006,1502000,0.8306734824281159,0.5955475142805778,62.5366476666667,61.574183999999995
535,535,2015-02-18,78.779999,79.309998,77.57,78.050003,61.574183999999995,2080500,61.574183999999995,2080500,-0.9266260589823057,0.8249245029698682,62.5024666666667,60.856281
536,536,2015-02-19,78.279999,78.629997,76.82,77.139999,60.856281,3920300,60.856281,3920300,-1.4563106982155178,1.554410732512749,62.155345666666705,64.485275
537,537,2015-02-20,77.66999799999999,81.779999,77.629997,81.739998,64.485275,6839900,64.485275,6839900,5.240118584784833,2.7120409074086047,61.55841033333337,63.988228
538,538,2015-02-23,81.709999,81.709999,80.650002,81.110001,63.988228,2049900,63.988228,2049900,-0.734301808032086,0.8127915110011694,62.305246666666704,63.55434399999999
539,539,2015-02-24,80.940002,81.489998,80.279999,80.559998,63.55434399999999,1243500,63.55434399999999,1243500,-0.46948849840652807,0.4930514873554584,63.10992800000003,64.346878
540,540,2015-02-25,80.480003,81.589996,80.010002,81.190002,64.346878,1505500,64.346878,1505500,0.8822054840132281,0.5969352747998734,64.00928233333336,64.077423
541,541,2015-02-26,81.129997,81.43,80.68,80.849998,64.077423,982300,64.077423,982300,-0.345123888023814,0.38948490231545374,63.96315000000004,63.744564000000004
542,542,2015-02-27,81.059998,81.720001,80.349998,80.43,63.744564000000004,1322900,63.744564000000004,1322900,-0.7771996244065863,0.5245338259931933,63.99288166666671,63.94268
543,543,2015-03-02,80.5,80.889999,79.889999,80.68,63.94268,1200600,63.94268,1200600,0.2236024844720582,0.4760415084189492,64.05628833333338,63.37996700000001
544,544,2015-03-03,80.760002,80.889999,79.720001,79.970001,63.37996700000001,792200,63.37996700000001,792200,-0.9782082471964324,0.3141096809674259,63.92155566666671,63.364136
545,545,2015-03-04,79.510002,80.129997,78.989998,79.949997,63.364136,1163800,63.364136,1163800,0.5533832083163526,0.46145019781606955,63.68907033333338,63.918926
546,546,2015-03-05,80.0,81.489998,79.75,80.650002,63.918926,1523600,63.918926,1523600,0.8125025000000008,0.6041119791996593,63.562261000000056,64.08535
547,547,2015-03-06,80.07,81.519997,80.029999,80.860001,64.08535,1396300,64.08535,1396300,0.986637941800929,0.55363714659785,63.55434300000005,63.673225
548,548,2015-03-09,80.809998,80.809998,80.0,80.339996,63.673225,960200,63.673225,960200,-0.5816136760701242,0.3807221858936157,63.789470666666716,62.959942000000005
549,549,2015-03-10,80.029999,80.260002,79.209999,79.440002,62.959942000000005,1167300,62.959942000000005,1167300,-0.7372198017895724,0.4628379583353652,63.89250033333338,62.82520699999999
550,550,2015-03-11,79.440002,79.900002,79.199997,79.269997,62.82520699999999,666300,62.82520699999999,666300,-0.21400427457190052,0.2641899525733349,63.57283900000005,63.625682999999995
551,551,2015-03-12,79.5,80.41999799999999,79.449997,80.279999,63.625682999999995,774800,63.625682999999995,774800,0.9811308176100675,0.3072105286714991,63.15279133333339,63.689071999999996
552,552,2015-03-13,80.25,80.550003,79.690002,80.360001,63.689071999999996,597900,63.689071999999996,597900,0.13707289719625781,0.23706914699624332,63.13694400000005,63.586056000000006
553,553,2015-03-16,80.5,80.849998,79.470001,80.230003,63.586056000000006,1610300,63.586056000000006,1610300,-0.3354000000000045,0.6384887897776395,63.37998733333338,63.570198
554,554,2015-03-17,80.0,80.5,79.779999,80.209999,63.570198,727400,63.570198,727400,0.26249874999999534,0.2884162862101813,63.633603666666716,63.792099
555,555,2015-03-18,80.25,80.779999,79.18,80.489998,63.792099,959000,63.792099,959000,0.2990629283489096,0.3802463822870001,63.61510866666672,64.35481300000001
556,556,2015-03-19,80.550003,81.290001,80.260002,81.199997,64.35481300000001,765500,64.35481300000001,765500,0.8069447247568597,0.3035230507202279,63.649451000000056,65.242462
557,557,2015-03-20,81.279999,82.41999799999999,81.160004,82.32,65.242462,1163700,65.242462,1163700,1.2795288051123002,0.46141054751551824,63.905703333333385,64.980942
558,558,2015-03-23,82.0,83.160004,81.57,81.989998,64.980942,1009000,64.980942,1009000,-0.012197560975609837,0.40007153256265177,64.46312466666672,64.69561800000001
559,559,2015-03-24,81.779999,82.339996,81.589996,81.629997,64.69561800000001,724400,64.69561800000001,724400,-0.18342137666203764,0.2872267771936422,64.8594056666667,63.300743000000004
560,560,2015-03-25,81.510002,81.599998,79.849998,79.870003,63.300743000000004,980200,63.300743000000004,980200,-2.012021788442605,0.3886522460038764,64.97300733333337,62.722168
561,561,2015-03-26,79.550003,79.720001,78.690002,79.139999,62.722168,1102600,62.722168,1102600,-0.5154041288973938,0.4371842138786718,64.3257676666667,63.189785
562,562,2015-03-27,78.940002,80.110001,78.730003,79.730003,63.189785,676600,63.189785,676600,1.0007613123698547,0.26827393353011914,63.57284300000004,63.419624
563,563,2015-03-30,79.940002,80.540001,79.660004,80.019997,63.419624,1052400,63.419624,1052400,0.10006879909759911,0.4172797630019175,63.0708986666667,63.657382999999996
564,564,2015-03-31,79.699997,81.349998,79.529999,80.32,63.657382999999996,1168400,63.657382999999996,1168400,0.7779209828577497,0.4632741116414295,63.110525666666696,63.04713100000001
565,565,2015-04-01,80.230003,80.260002,79.059998,79.550003,63.04713100000001,1009100,63.04713100000001,1009100,-0.8475632239475207,0.4001111828632031,63.42226400000002,63.372059
566,566,2015-04-02,79.550003,80.139999,79.089996,79.959999,63.372059,1105000,63.372059,1105000,0.5153940723295667,0.4381358210919031,63.37471266666669,63.633598
567,567,2015-04-06,79.650002,80.800003,79.25,80.290001,63.633598,987400,63.633598,987400,0.803514104117666,0.39150706764357024,63.358857666666694,63.292797
568,568,2015-04-07,80.269997,80.760002,79.82,79.860001,63.292797,548000,63.292797,548000,-0.5107711664671005,0.2172836470211429,63.35092933333336,63.800022
569,569,2015-04-08,79.989998,80.779999,79.75,80.5,63.800022,1237800,63.800022,1237800,0.6375822137162699,0.4907914202240341,63.432818000000026,63.411685999999996
570,570,2015-04-09,80.629997,80.91999799999999,79.68,80.010002,63.411685999999996,1037100,63.411685999999996,1037100,-0.7689383890216478,0.41121326701756805,63.57547233333335,63.593979000000004
571,571,2015-04-10,80.18,80.800003,79.940002,80.239998,63.593979000000004,613500,63.593979000000004,613500,0.07482913444748454,0.24325459388224666,63.501501666666684,63.443394
572,572,2015-04-13,80.0,80.809998,79.709999,80.050003,63.443394,770500,63.443394,770500,0.06250375000000474,0.3055055657477931,63.60189566666668,62.76180600000001
573,573,2015-04-14,79.82,80.040001,78.739998,79.190002,62.76180600000001,876600,62.76180600000001,876600,-0.7892733650713935,0.34757453463272603,63.48301966666668,61.94548399999999
574,574,2015-04-15,79.470001,79.940002,78.07,78.160004,61.94548399999999,1064900,61.94548399999999,1064900,-1.6484169919665608,0.4222360505708304,63.266393000000015,62.214943000000005
575,575,2015-04-16,78.089996,78.690002,77.809998,78.5,62.214943000000005,1041000,62.214943000000005,1041000,0.5250403649655722,0.4127596287390689,62.71689466666667,60.574371
576,576,2015-04-17,77.949997,78.110001,76.33000200000001,76.43,60.574371,2086800,60.574371,2086800,-1.9499641545848803,0.8274224719046004,62.307411,60.788361
577,577,2015-04-20,76.879997,76.900002,76.25,76.699997,60.788361,1054100,60.788361,1054100,-0.2341311225597561,0.4179538181112896,61.57826599999999,61.509570999999994
578,578,2015-04-21,76.860001,77.82,76.860001,77.610001,61.509570999999994,1018300,61.509570999999994,1018300,0.9758001434322126,0.403759010513923,61.19255833333333,61.826599
579,579,2015-04-22,77.470001,78.029999,77.040001,78.010002,61.826599,793200,61.826599,793200,0.6970452988634965,0.31450618397293895,60.95743433333333,62.207016
580,580,2015-04-23,78.0,78.809998,77.959999,78.489998,62.207016,670000,62.207016,670000,0.628202564102564,0.2656570136937331,61.37484366666666,61.94548399999999
581,581,2015-04-24,78.66999799999999,78.66999799999999,78.089996,78.160004,61.94548399999999,589700,61.94548399999999,589700,-0.6482700050405389,0.23381782235103643,61.84772866666666,61.12123100000001
582,582,2015-04-27,78.5,78.940002,77.08000200000001,77.120003,61.12123100000001,923400,61.12123100000001,923400,-1.7579579617834433,0.366130875290736,61.993033,61.295589
583,583,2015-04-28,76.739998,77.66999799999999,76.08000200000001,77.339996,61.295589,1144200,61.295589,1144200,0.7818582429465263,0.453678738908014,61.757910333333335,60.724945
584,584,2015-04-29,77.150002,77.370003,76.209999,76.620003,60.724945,1139700,60.724945,1139700,-0.6869721144012462,0.4518944753832054,61.454101333333334,59.884853
585,585,2015-04-30,76.290001,76.529999,75.269997,75.559998,59.884853,1855100,59.884853,1855100,-0.9568790017449477,0.7355527255272303,61.047255,60.312828
586,586,2015-05-01,75.43,76.230003,75.43,76.099998,60.312828,1717700,60.312828,1717700,0.8882381015510971,0.6810732125697393,60.635128999999985,60.265269999999994
587,587,2015-05-04,76.260002,76.33000200000001,75.75,76.040001,60.265269999999994,1263000,60.265269999999994,1263000,-0.2884880595728234,0.5007832959629626,60.307541999999984,59.78180699999999
588,588,2015-05-05,75.980003,76.379997,75.339996,75.43,59.78180699999999,1005500,59.78180699999999,1005500,-0.7238786236952236,0.39868377204335614,60.154316999999985,59.789744999999996
589,589,2015-05-06,75.57,75.879997,74.620003,75.440002,59.789744999999996,1157200,59.789744999999996,1157200,-0.17202328966519292,0.4588332779796835,60.11996833333331,60.851753
590,590,2015-05-07,75.599998,77.07,75.459999,76.779999,60.851753,1379900,60.851753,1379900,1.5608479248901626,0.5471344973074362,59.94560733333332,61.240108
591,591,2015-05-08,77.43,78.040001,77.029999,77.269997,61.240108,1158400,61.240108,1158400,-0.20664212837401938,0.45930908158629913,60.14110166666666,61.002354000000004
592,592,2015-05-11,77.190002,77.480003,76.940002,76.970001,61.002354000000004,912800,61.002354000000004,912800,-0.2850122999090096,0.3619279434322979,60.62720199999999,60.978565
593,593,2015-05-12,76.519997,77.389999,76.360001,76.940002,60.978565,1060300,60.978565,1060300,0.5488826665793038,0.42041213674547045,61.031404999999985,60.368317000000005
594,594,2015-05-13,76.739998,77.040001,75.739998,76.16999799999999,60.368317000000005,1157500,60.368317000000005,1157500,-0.7427678066918993,0.4589522288813374,61.07367566666665,58.767368000000005
595,595,2015-05-14,75.849998,75.91999799999999,73.730003,74.150002,58.767368000000005,3540500,58.767368000000005,3540500,-2.2412604414307284,1.4038188910188987,60.78307866666666,59.282513
596,596,2015-05-15,74.589996,75.33000200000001,73.540001,74.800003,59.282513,3855600,59.282513,3855600,0.2815484800401444,1.5287569880560556,60.03808333333333,59.567837
597,597,2015-05-18,74.900002,75.209999,74.33000200000001,75.160004,59.567837,1586700,59.567837,1586700,0.3471321669657633,0.6291313188475318,59.472732666666666,59.020988
598,598,2015-05-19,75.220001,75.379997,74.349998,74.470001,59.020988,1309700,59.020988,1309700,-0.9970752326897736,0.5192999863204213,59.20590599999999,59.211178000000004
599,599,2015-05-20,74.540001,74.910004,74.150002,74.709999,59.211178000000004,1114800,59.211178000000004,1114800,0.2280627820222226,0.44202155054593084,59.29044599999998,59.70255699999999
600,600,2015-05-21,74.470001,75.5,74.18,75.33000200000001,59.70255699999999,1109600,59.70255699999999,1109600,1.1548287746095387,0.43995973491726303,59.26666766666665,59.623325
601,601,2015-05-22,75.33000200000001,76.010002,75.010002,75.230003,59.623325,1073900,59.623325,1073900,-0.13274790567510014,0.4258045776204477,59.31157433333331,58.957561
602,602,2015-05-26,75.529999,76.790001,74.290001,74.389999,58.957561,2050100,58.957561,2050100,-1.5093340594377613,0.812870811602272,59.512353333333316,58.925724
603,603,2015-05-27,74.050003,74.339996,73.389999,73.980003,58.925724,1218100,58.925724,1218100,-0.09453071865507877,0.4829803110154273,59.42781433333331,58.646927000000005
604,604,2015-05-28,74.110001,74.33000200000001,73.41999799999999,73.629997,58.646927000000005,1216300,58.646927000000005,1216300,-0.6476912609945774,0.48226660560550383,59.16886999999998,57.858391000000005
605,605,2015-05-29,73.510002,73.720001,72.510002,72.639999,57.858391000000005,1510900,57.858391000000005,1510900,-1.1835164961633342,0.5990763910296438,58.843403999999985,58.344260999999996
606,606,2015-06-01,72.650002,73.860001,72.639999,73.25,58.344260999999996,1396000,58.344260999999996,1396000,0.8258747191775705,0.5535181956961961,58.47701399999999,58.591170999999996
607,607,2015-06-02,73.040001,74.690002,73.040001,73.559998,58.591170999999996,1729800,58.591170999999996,1729800,0.7119345466602464,0.685870898936447,58.28319299999998,59.164654000000006
608,608,2015-06-03,73.589996,74.510002,73.510002,74.279999,59.164654000000006,940500,59.164654000000006,940500,0.9376315226325116,0.37291107668500895,58.26460766666665,58.400017000000005
609,609,2015-06-04,72.739998,74.120003,72.010002,73.32,58.400017000000005,1332500,58.400017000000005,1332500,0.7973632333616414,0.5283402548461185,58.70002866666665,58.607113
610,610,2015-06-05,73.25,73.849998,73.0,73.58000200000001,58.607113,1044000,58.607113,1044000,0.4505146757679283,0.413949137755608,58.718613999999995,58.455769
611,611,2015-06-08,73.5,73.970001,73.25,73.389999,58.455769,860300,58.455769,860300,-0.14966122448979172,0.34111153564286356,58.723927999999994,58.272575
612,612,2015-06-09,73.410004,73.720001,72.91999799999999,73.160004,58.272575,904500,58.272575,904500,-0.3405530396102417,0.3586369684865397,58.48763299999999,58.631004000000004
613,613,2015-06-10,73.610001,73.730003,73.209999,73.610001,58.631004000000004,646500,58.631004000000004,646500,0.0,0.2563391930641768,58.44515233333332,58.638977000000004
614,614,2015-06-11,73.75,74.43,73.57,73.620003,58.638977000000004,775400,58.638977000000004,775400,-0.17626711864407188,0.3074484304748069,58.453115999999994,58.925724
615,615,2015-06-12,73.349998,74.099998,73.120003,73.980003,58.925724,928800,58.925724,928800,0.8589025455733442,0.36827199152050644,58.51418533333333,58.264618000000006
616,616,2015-06-15,73.43,73.790001,72.849998,73.150002,58.264618000000006,829300,58.264618000000006,829300,-0.38131281492578806,0.3288199424719595,58.73190166666666,58.431885
617,617,2015-06-16,73.08000200000001,73.550003,73.08000200000001,73.360001,58.431885,693200,58.431885,693200,0.3831403836031496,0.2748558834216355,58.609773,59.833736
618,618,2015-06-17,73.849998,75.480003,73.800003,75.120003,59.833736,1705300,59.833736,1705300,1.7197089159027432,0.6761565753013777,58.54074233333333,60.176228
619,619,2015-06-18,75.199997,75.699997,75.040001,75.550003,60.176228,1165100,60.176228,1165100,0.465433529206135,0.46196565172323645,58.843413,59.913399
620,620,2015-06-19,75.279999,75.91999799999999,75.0,75.220001,59.913399,1254900,59.913399,1254900,-0.07969978851886983,0.497571621618307,59.48061633333333,60.088615000000004
621,621,2015-06-22,75.58000200000001,75.980003,75.290001,75.440002,60.088615000000004,708000,60.088615000000004,708000,-0.1852341840372015,0.2807241279032284,59.974454333333334,60.550587
622,622,2015-06-23,75.690002,76.519997,75.449997,76.019997,60.550587,953500,60.550587,953500,0.435982284688005,0.37806561575667835,60.059414000000004,60.43111
623,623,2015-06-24,75.959999,76.43,75.82,75.870003,60.43111,1062000,60.43111,1062000,-0.11847814795258134,0.42108619185484264,60.18420033333334,60.080635
624,624,2015-06-25,76.150002,76.470001,75.309998,75.43,60.080635,852500,60.080635,852500,-0.9455048996584318,0.3380188121998619,60.35677066666667,60.693957999999995
625,625,2015-06-26,75.33000200000001,76.360001,75.33000200000001,76.199997,60.693957999999995,839300,60.693957999999995,839300,1.1549116910948558,0.33278497252708983,60.354110666666664,59.180603000000005
626,626,2015-06-29,75.41999799999999,75.769997,74.25,74.300003,59.180603000000005,1600500,59.180603000000005,1600500,-1.4850106466457198,0.6346030603236117,60.40190099999999,59.339897
627,627,2015-06-30,75.0,75.07,74.019997,74.5,59.339897,1174000,59.339897,1174000,-0.6666666666666667,0.4654945284723025,59.98506533333333,59.977107999999994
628,628,2015-07-01,75.019997,75.33000200000001,74.529999,75.300003,59.977107999999994,659700,59.977107999999994,659700,0.37324181711177645,0.2615730327369488,59.73815266666667,59.833736
629,629,2015-07-02,75.32,75.860001,74.910004,75.120003,59.833736,658000,59.833736,658000,-0.26552973977694666,0.2608989776275767,59.49920266666667,59.961174
630,630,2015-07-06,74.519997,75.66999799999999,74.470001,75.279999,59.961174,885400,59.961174,885400,1.019863165050852,0.3510637610812407,59.71691366666666,62.095806
631,631,2015-07-07,75.540001,78.019997,75.059998,77.959999,62.095806,2186700,62.095806,2186700,3.203598051315875,0.8670331221553524,59.92400599999999,60.813423
632,632,2015-07-08,78.16999799999999,78.16999799999999,76.199997,76.349998,60.813423,1678400,60.813423,1678400,-2.328258982429542,0.665490644453077,60.63023866666666,60.909023
633,633,2015-07-09,77.239998,77.239998,76.199997,76.470001,60.909023,1443400,60.909023,1443400,-0.9968889434720124,0.572312438157514,60.956801000000006,61.63381999999999
634,634,2015-07-10,77.470001,77.489998,76.779999,77.379997,61.63381999999999,837300,61.63381999999999,837300,-0.11617916462914891,0.3319919665160638,61.27275066666667,62.151577
635,635,2015-07-13,77.879997,78.43,77.709999,78.029999,62.151577,876900,62.151577,876900,0.19260658163610436,0.34769348553437995,61.118755333333326,62.135647
636,636,2015-07-14,78.099998,78.33000200000001,77.699997,78.010002,62.135647,823700,62.135647,823700,-0.11523175711220798,0.3265995256410865,61.56480666666666,62.645393000000006
637,637,2015-07-15,77.959999,79.18,77.720001,78.650002,62.645393000000006,1255000,62.645393000000006,1255000,0.8850731257705691,0.4976112719188583,61.97368133333333,63.338367000000005
638,638,2015-07-16,78.68,80.230003,78.339996,79.519997,63.338367000000005,1563500,63.338367000000005,1563500,1.0676118454499195,0.6199324491196294,62.31087233333334,62.653381
639,639,2015-07-17,79.25,79.260002,78.550003,78.660004,62.653381,742200,62.653381,742200,-0.7444744479495259,0.2942845306917742,62.706469000000006,62.844543
640,640,2015-07-20,78.93,79.43,78.660004,78.900002,62.844543,725800,62.844543,725800,-0.03800582794882324,0.2877818814013604,62.87904700000001,62.350689
641,641,2015-07-21,78.83000200000001,79.43,78.25,78.279999,62.350689,1200600,62.350689,1200600,-0.6977077077836479,0.4760415084189492,62.94543033333334,62.916222
642,642,2015-07-22,78.379997,79.599998,78.269997,78.989998,62.916222,1000200,62.916222,1000200,0.778261065766559,0.3965823061141371,62.616204333333336,62.143612
643,643,2015-07-23,79.0,79.230003,77.970001,78.019997,62.143612,784000,62.143612,784000,-1.2405101265822738,0.31085835632221903,62.703818000000005,61.490467
644,644,2015-07-24,78.209999,78.379997,77.16999799999999,77.199997,61.490467,986000,61.490467,986000,-1.2913975360107088,0.390951963435852,62.47017433333334,61.594021
645,645,2015-07-27,76.959999,77.41999799999999,76.529999,77.33000200000001,61.594021,1136600,61.594021,1136600,0.4807731351451956,0.450665316066115,62.183433666666666,60.765640000000005
646,646,2015-07-28,77.480003,77.480003,76.230003,76.290001,60.765640000000005,1518100,60.765640000000005,1518100,-1.5358827489978193,0.6019312126693377,61.74269999999999,60.773624
647,647,2015-07-29,76.43,76.709999,76.120003,76.300003,60.773624,1366300,60.773624,1366300,-0.17008635352610627,0.541742056432459,61.283376000000004,60.805473
648,648,2015-07-30,76.220001,76.730003,76.089996,76.339996,60.805473,1018100,60.805473,1018100,0.15743243036693605,0.40367970991282043,61.04442833333334,60.78158199999999
649,649,2015-07-31,76.730003,76.809998,76.239998,76.309998,60.78158199999999,1386600,60.78158199999999,1386600,-0.5473804034648654,0.5497910674443736,60.781579000000015,60.470943000000005
650,650,2015-08-03,76.220001,76.400002,75.550003,75.91999799999999,60.470943000000005,576400,60.470943000000005,576400,-0.3936014117869191,0.22854433237771307,60.786893,60.741756
651,651,2015-08-04,76.08000200000001,76.449997,75.739998,76.260002,60.741756,976000,60.741756,976000,0.2365930537173127,0.38698693338072165,60.685999333333335,60.144367
652,652,2015-08-05,76.58000200000001,77.58000200000001,75.449997,75.510002,60.144367,2308100,60.144367,2308100,-1.3972316166823908,0.9151685870246349,60.664760333333334,59.32397099999999
653,653,2015-08-06,75.459999,75.510002,73.900002,74.480003,59.32397099999999,1459500,59.32397099999999,1459500,-1.298696015090061,0.5786961365462738,60.45235533333334,59.666451
654,654,2015-08-07,74.510002,75.010002,74.230003,74.910004,59.666451,1111400,59.666451,1111400,0.5368433623179887,0.4406734403271865,60.07003133333333,60.526699
655,655,2015-08-10,75.410004,76.41999799999999,75.230003,75.989998,60.526699,1140300,60.526699,1140300,0.7691207654623639,0.4521323771865132,59.711596333333326,60.725803000000006
656,656,2015-08-11,75.620003,77.120003,75.260002,76.239998,60.725803000000006,1699100,60.725803000000006,1699100,0.819882273741781,0.6736982566671968,59.83904033333332,60.144367
657,657,2015-08-12,75.459999,75.83000200000001,73.860001,75.510002,60.144367,1758800,60.144367,1758800,0.06626424683626593,0.697369486096325,60.306317666666665,59.674434999999995
658,658,2015-08-13,74.68,75.599998,74.559998,74.91999799999999,59.674434999999995,4088500,59.674434999999995,4088500,0.32136850562397656,1.6211025380400415,60.465622999999994,62.231228
659,659,2015-08-14,78.599998,79.980003,77.379997,78.129997,62.231228,6489200,62.231228,6489200,-0.5979656640703684,2.5729873033751836,60.18153499999999,62.956051
660,660,2015-08-17,78.279999,79.089996,77.809998,79.040001,62.956051,2019200,62.956051,2019200,0.9708763537413944,0.8006188687319192,60.68334333333332,62.693199
661,661,2015-08-18,79.089996,79.360001,78.16999799999999,78.709999,62.693199,1161700,62.693199,1161700,-0.4804615238569528,0.46061754150449213,61.62057133333332,62.685223
662,662,2015-08-19,78.449997,79.389999,78.150002,78.699997,62.685223,1089500,62.685223,1089500,0.31867432703662185,0.4319900245064511,62.62682599999999,61.904658999999995
663,663,2015-08-20,77.949997,78.5,77.5,77.720001,61.904658999999995,1054800,61.904658999999995,1054800,-0.29505581635878686,0.4182313702151488,62.77815766666665,59.889492000000004
664,664,2015-08-21,77.16999799999999,77.66999799999999,75.18,75.190002,59.889492000000004,1380500,59.889492000000004,1380500,-2.565758781022627,0.5473723991107441,62.42769366666664,57.436241
665,665,2015-08-24,73.120003,74.230003,70.699997,72.110001,57.436241,2396600,57.436241,2396600,-1.381293707003814,0.9502591030125385,61.49312466666665,56.814964
666,666,2015-08-25,73.91999799999999,73.91999799999999,71.309998,71.33000200000001,56.814964,1574700,56.814964,1574700,-3.5037825623317596,0.6243732827813754,59.74346399999998,58.782352
667,667,2015-08-26,72.82,73.82,71.449997,73.800003,58.782352,1596200,58.782352,1596200,1.3457882449876555,0.6328980973999057,58.046898999999975,58.694283
668,668,2015-08-27,73.860001,74.339996,72.18,73.32,58.694283,2001100,58.694283,2001100,-0.7311142603423519,0.7934421643321333,57.677852333333306,58.72630699999999
669,669,2015-08-28,73.370003,73.620003,72.959999,73.360001,58.72630699999999,1163400,58.72630699999999,1163400,-0.013632274214299904,0.4612915966138643,58.09719966666663,58.34205600000001
670,670,2015-08-31,73.08000200000001,73.769997,72.58000200000001,72.879997,58.34205600000001,1305900,58.34205600000001,1305900,-0.2736795217931226,0.5177932748994717,58.73431399999996,57.36540600000001
671,671,2015-09-01,71.650002,72.650002,71.290001,71.660004,57.36540600000001,1427600,57.36540600000001,1427600,0.013959525081381107,0.566047690670408,58.587548666666635,58.358067000000005
672,672,2015-09-02,72.290001,72.93,71.849998,72.900002,58.358067000000005,973700,58.358067000000005,973700,0.8438248603703808,0.3860749764680417,58.14458966666664,58.806351
673,673,2015-09-03,73.290001,74.459999,73.099998,73.459999,58.806351,940100,58.806351,940100,0.23195251423177432,0.3727524754828037,58.02184299999998,58.358067000000005
674,674,2015-09-04,72.91999799999999,73.41999799999999,72.440002,72.900002,58.358067000000005,909600,58.358067000000005,909600,-0.02742183289691246,0.36065913381465614,58.17660799999998,59.574847999999996
675,675,2015-09-08,73.980003,74.489998,73.599998,74.41999799999999,59.574847999999996,1009800,59.574847999999996,1009800,0.5947485565795343,0.40038873496706223,58.50749499999998,58.590221
676,676,2015-09-09,74.959999,75.349998,73.089996,73.190002,58.590221,1359600,58.590221,1359600,-2.3612553676794863,0.5390854862955217,58.913088666666646,59.046519999999994
677,677,2015-09-10,73.019997,74.25,72.940002,73.760002,59.046519999999994,1247100,59.046519999999994,1247100,1.0134278696286394,0.49447889817530527,58.841045333333305,58.91843000000001
678,678,2015-09-11,73.41999799999999,73.639999,72.57,73.599998,58.91843000000001,1329600,58.91843000000001,1329600,0.2451648119086122,0.5271903961301306,59.07052966666663,58.582211
679,679,2015-09-14,73.379997,73.720001,72.949997,73.18,58.582211,870400,58.582211,870400,-0.2725497522165287,0.3451162159985452,58.85172366666663,59.102539
680,680,2015-09-15,74.050003,74.989998,73.779999,73.83000200000001,59.102539,1848900,59.102539,1848900,-0.29709789478333487,0.7330944068930495,58.849053666666634,59.478798
681,681,2015-09-16,73.57,74.400002,73.290001,74.300003,59.478798,1190300,59.478798,1190300,0.9922563544923348,0.47195752746216496,58.86772666666664,59.494801
682,682,2015-09-17,74.489998,75.43,74.050003,74.32,59.494801,1041500,59.494801,1041500,-0.22821587402916393,0.4129578802418254,59.05451599999998,59.110561
683,683,2015-09-18,73.540001,75.010002,73.43,73.839996,59.110561,1856500,59.110561,1856500,0.40793445189101313,0.7361078297349485,59.35871266666664,59.54283100000001
684,684,2015-09-21,74.300003,75.029999,73.790001,74.379997,59.54283100000001,887700,59.54283100000001,887700,0.10766352189783791,0.3519757179939207,59.36138666666664,58.998474
685,685,2015-09-22,73.790001,74.25,73.410004,73.699997,58.998474,706700,58.998474,706700,-0.12197316544284573,0.2802086739960615,59.38273099999998,58.950447
686,686,2015-09-23,73.739998,74.120003,73.08000200000001,73.639999,58.950447,812500,58.950447,812500,-0.13561025591565223,0.3221586919793405,59.21728866666664,58.510158999999994
687,687,2015-09-24,73.190002,73.489998,72.709999,73.089996,58.510158999999994,980100,58.510158999999994,980100,-0.13663888135978952,0.38861259570332507,59.16391733333331,58.43010699999999
688,688,2015-09-25,73.540001,73.93,72.790001,72.989998,58.43010699999999,857400,58.43010699999999,857400,-0.7478963727509383,0.3399616769268758,58.819693333333305,56.749019999999994
689,689,2015-09-28,72.860001,73.0,70.82,70.889999,56.749019999999994,1247100,56.749019999999994,1247100,-2.7038182445262304,0.49447889817530527,58.63023766666663,56.38877900000001
690,690,2015-09-29,70.790001,71.0,69.910004,70.440002,56.38877900000001,1639000,56.38877900000001,1639000,-0.49441869622236173,0.6498684260358635,57.89642866666663,57.40544499999999
691,691,2015-09-30,70.989998,71.779999,70.870003,71.709999,57.40544499999999,1301500,57.40544499999999,1301500,1.014228793188579,0.5160486616752143,57.18930199999997,57.181297
692,692,2015-10-01,71.610001,71.900002,70.610001,71.43,57.181297,1513700,57.181297,1513700,-0.2513629346269526,0.6001865994450802,56.84774799999997,60.135231000000005
693,693,2015-10-02,72.25,75.209999,70.589996,75.120003,60.135231000000005,4704900,60.135231000000005,4704900,3.972322491349477,1.865506990638276,56.9918403333333,59.51081800000001
694,694,2015-10-05,75.489998,75.66999799999999,73.279999,74.339996,59.51081800000001,4192100,59.51081800000001,4192100,-1.5233832699267003,1.662180249411192,58.240657666666635,58.654258999999996
695,695,2015-10-06,74.300003,75.08000200000001,73.150002,73.269997,58.654258999999996,2395700,58.654258999999996,2395700,-1.3862798901905833,0.9499022503075767,58.94244866666664,58.259903
696,696,2015-10-07,69.5,69.699997,67.5,67.959999,58.259903,2669700,58.259903,2669700,-2.2158287769784226,1.0585440738181482,59.43343599999997,59.125755000000005
697,697,2015-10-08,67.940002,69.150002,67.730003,68.970001,59.125755000000005,1951200,59.125755000000005,1951200,1.5160420513381634,0.7736566643570328,58.80832666666664,58.662827
698,698,2015-10-09,68.879997,69.33000200000001,68.269997,68.43,58.662827,1457800,58.662827,1457800,-0.6533057775829987,0.5780220814369017,58.6799723333333,59.005741
699,699,2015-10-12,68.57,69.050003,68.099998,68.83000200000001,59.005741,1032600,59.005741,1032600,0.3791774828642472,0.4094290034927594,58.682828333333305,58.748554000000006
700,700,2015-10-13,68.779999,69.33000200000001,68.099998,68.529999,58.748554000000006,1482100,58.748554000000006,1482100,-0.3634777604460273,0.5876571044708684,58.93144099999997,57.3255
701,701,2015-10-14,68.699997,69.029999,66.57,66.870003,57.3255,2418300,57.3255,2418300,-2.6637468412116516,0.9588632182321712,58.80570733333331,57.796997
702,702,2015-10-15,67.260002,67.470001,65.760002,67.41999799999999,57.796997,1961900,57.796997,1961900,0.23787688855553776,0.7778992465160224,58.35993166666665,57.668406999999995
703,703,2015-10-16,67.57,67.910004,66.720001,67.269997,57.668406999999995,1210700,57.668406999999995,1210700,-0.4439884564155536,0.48004618877463084,57.95701699999998,58.671397999999996
704,704,2015-10-19,67.199997,68.480003,66.93,68.440002,58.671397999999996,1524900,58.671397999999996,1524900,1.8452456180913384,0.6046274331068263,57.596967999999976,58.748554000000006
705,705,2015-10-20,68.279999,69.190002,68.010002,68.529999,58.748554000000006,1360500,58.748554000000006,1360500,0.3661394312557034,0.5394423390004834,58.04560066666664,58.019881999999996
706,706,2015-10-21,68.860001,69.540001,67.589996,67.68,58.019881999999996,1783300,58.019881999999996,1783300,-1.7136232687536415,0.7070838097313944,58.362786333333304,58.731403
707,707,2015-10-22,68.0,68.809998,67.58000200000001,68.510002,58.731403,1572700,58.731403,1572700,0.7500029411764707,0.6235802767703493,58.47994466666663,55.713829000000004
708,708,2015-10-23,67.949997,68.66999799999999,64.610001,64.989998,55.713829000000004,2459000,55.713829000000004,2459000,-4.356142944347733,0.9750008905565518,58.4999463333333,55.919571
709,709,2015-10-26,64.769997,65.33000200000001,63.73,65.230003,55.919571,2086300,55.919571,2086300,0.7102146384227759,0.8272242204018438,57.4883713333333,55.362343
710,710,2015-10-27,65.400002,65.400002,63.73,64.58000200000001,55.362343,2126700,55.362343,2126700,-1.25382259162621,0.8432429418245704,56.78826766666663,55.430935
711,711,2015-10-28,64.910004,65.860001,63.93,64.660004,55.430935,1983400,55.430935,1983400,-0.3851486436512929,0.7864240611345525,55.66524766666663,55.465214
712,712,2015-10-29,64.839996,64.839996,63.919998,64.699997,55.465214,1095100,55.465214,1095100,-0.21591457223409313,0.43421044133732406,55.57094966666663,55.902428
713,713,2015-10-30,64.779999,65.629997,64.389999,65.209999,55.902428,1534200,55.902428,1534200,0.6637851291105956,0.6083149110580975,55.419497333333304,55.89385600000001
714,714,2015-11-02,65.08000200000001,65.489998,63.5,65.199997,55.89385600000001,2234600,55.89385600000001,2234600,0.1843807564726085,0.8860256161194269,55.599525666666636,57.42836
715,715,2015-11-03,66.07,67.269997,65.879997,66.989998,57.42836,2233300,57.42836,2233300,1.3924595126381214,0.8855101622122599,55.75383266666663,56.939719999999994
716,716,2015-11-04,67.110001,67.230003,66.089996,66.41999799999999,56.939719999999994,1403500,56.939719999999994,1403500,-1.0281671728778612,0.5564919682375439,56.40821466666663,57.162613
717,717,2015-11-05,66.5,66.980003,65.620003,66.68,57.162613,1676500,57.162613,1676500,0.27067669172933356,0.6647372887426023,56.753978666666626,56.408221999999995
718,718,2015-11-06,66.529999,66.989998,65.730003,65.800003,56.408221999999995,1921000,56.408221999999995,1921000,-1.0972433653576334,0.7616822735905392,57.176897666666626,53.750690000000006
719,719,2015-11-09,65.5,65.510002,62.189999,62.700001,53.750690000000006,4132600,53.750690000000006,4132600,-4.274807633587786,1.6385883205831664,56.836851666666625,55.490936
720,720,2015-11-10,62.939999,64.839996,62.299999,64.730003,55.490936,3028400,55.490936,3028400,2.843984792564099,1.2007697018956736,55.77384166666662,53.424918999999996
721,721,2015-11-11,63.23,63.560001,61.060001,62.32,53.424918999999996,4691500,53.424918999999996,4691500,-1.4391902577890188,1.8601938503644013,55.21661599999996,54.410782
722,722,2015-11-12,62.32,64.510002,62.310001,63.470001,54.410782,6735900,54.410782,6735900,1.8453161103979512,2.670804594835249,54.22218166666662,46.258167
723,723,2015-11-13,50.490002000000004,54.34,50.43,53.959998999999996,46.258167,23930000,46.258167,23930000,6.87264183511023,9.488316921926915,54.44221233333328,46.918255
724,724,2015-11-16,53.509997999999996,55.0,52.82,54.73,46.918255,6574300,46.918255,6574300,2.2799514961671297,2.6067297091443424,51.36462266666661,46.84111
725,725,2015-11-17,55.509997999999996,55.580002,53.759997999999996,54.639998999999996,46.84111,3421100,46.84111,3421100,-1.567283428833847,1.3564764321606422,49.195734666666624,47.698383
726,726,2015-11-18,54.830002,55.75,54.310001,55.639998999999996,47.698383,3660500,47.698383,3660500,1.4772879271461556,1.4513992516804628,46.67251066666663,47.664078
727,727,2015-11-19,55.439999,56.0,54.91,55.599998,47.664078,3116200,47.664078,3116200,0.2885984900540837,1.235582665779718,47.15258266666664,47.972698
728,728,2015-11-20,56.189999,56.990002000000004,55.82,55.959998999999996,47.972698,3016200,47.972698,3016200,-0.4093255100431733,1.1959323652284146,47.40119033333332,48.658508000000005
729,729,2015-11-23,55.950001,57.619999,55.720001,56.759997999999996,48.658508000000005,4331600,48.658508000000005,4331600,1.4477157918191916,1.71749241868026,47.77838633333332,49.472916
730,730,2015-11-24,56.59,58.639998999999996,56.52,57.709998999999996,49.472916,3587000,49.472916,3587000,1.9791464923131168,1.4222562807752546,48.09842799999999,49.861176
731,731,2015-11-25,57.709998999999996,58.27,57.400002,57.790001000000004,49.861176,2099700,49.861176,2099700,0.13862762326509045,0.8325373606757185,48.70137399999999,49.705875
732,732,2015-11-27,57.68,58.060001,57.060001,57.610001000000004,49.705875,1396100,49.705875,1396100,-0.12135748959777341,0.5535578459967474,49.33086666666665,48.584244
733,733,2015-11-30,57.450001,57.66,56.09,56.310001,48.584244,5004500,48.584244,5004500,-1.984334169115159,1.984299291089981,49.67998899999998,48.963867
734,734,2015-12-01,56.5,56.970001,56.099998,56.75,48.963867,3487700,48.963867,3487700,0.4424778761061947,1.3828835323278104,49.38376499999998,48.843082
735,735,2015-12-02,56.990002000000004,57.709998999999996,56.299999,56.610001000000004,48.843082,3338500,48.843082,3338500,-0.6667853775474513,1.3237252839052656,49.08466199999998,49.179565000000004
736,736,2015-12-03,56.799999,57.23,55.619999,57.0,49.179565000000004,5176000,49.179565000000004,5176000,0.3521144428189168,2.0522995565354663,48.79706433333332,49.248591999999995
737,737,2015-12-04,56.779999,57.639998999999996,56.279999,57.080002,49.248591999999995,4857600,49.248591999999995,4857600,0.528360347452637,1.9260529995801163,48.99550466666665,48.6964
738,738,2015-12-07,56.700001,56.700001,54.66,56.439999,48.6964,7047200,48.6964,7047200,-0.45855731113655546,2.7942359804514565,49.090412999999984,49.041519
739,739,2015-12-08,56.0,57.77,55.869999,56.84,49.041519,4109000,49.041519,4109000,1.500000000000006,1.6292308496530588,49.04151899999999,48.89484
740,740,2015-12-09,56.279999,57.84,56.150002,56.669998,48.89484,3551700,48.89484,3551700,0.6929619881478731,1.4082597246806445,48.99550366666665,48.981125
741,741,2015-12-10,56.939999,57.93,56.619999,56.77,48.981125,2627100,48.981125,2627100,-0.2985581366097269,1.0416530457832929,48.87758633333331,47.82497
742,742,2015-12-11,56.0,56.290001000000004,55.240002000000004,55.43,47.82497,3538000,47.82497,3538000,-1.0178571428571435,1.402827633505116,48.97249466666665,47.246895
743,743,2015-12-14,55.75,56.310001,54.25,54.759997999999996,47.246895,4813600,47.246895,4813600,-1.7757883408071822,1.9086068673375427,48.56697833333332,47.031197
744,744,2015-12-15,55.0,55.41,54.310001,54.509997999999996,47.031197,4430400,47.031197,4430400,-0.8909127272727347,1.756666915624948,48.017663333333324,46.660187
745,745,2015-12-16,54.970001,55.200001,53.080002,54.080002,46.660187,5153100,46.660187,5153100,-1.6190630958875245,2.043219637709218,47.36768733333332,44.296124
746,746,2015-12-17,54.150002,54.150002,51.27,51.34,44.296124,5953100,44.296124,5953100,-5.1892925137842045,2.3604220421196453,46.97942633333332,43.6404
747,747,2015-12-18,51.220001,51.540001000000004,49.98,50.580002,43.6404,6226500,43.6404,6226500,-1.2495099326530725,2.468825963826909,45.99583599999999,43.183113
748,748,2015-12-21,50.959998999999996,51.169998,49.43,50.049999,43.183113,3646000,43.183113,3646000,-1.7857143207557689,1.4456499581005238,44.865570333333324,43.838837
749,749,2015-12-22,49.860001000000004,51.130001,49.34,50.810001,43.838837,3530500,43.838837,3530500,1.9053348996122075,1.3998538609637683,43.70654566666665,44.485939
750,750,2015-12-23,51.27,51.860001000000004,50.439999,51.560001,44.485939,2665300,44.485939,2665300,0.5656348741954293,1.0567994605938908,43.55411666666666,43.959637
751,751,2015-12-24,51.5,51.610001000000004,50.529999,50.950001,43.959637,889400,43.959637,889400,-1.0679592233009703,0.3526497731032929,43.83596299999999,43.441952
752,752,2015-12-28,50.619999,51.139998999999996,50.0,50.349998,43.441952,2172500,43.441952,2172500,-0.5333879994742801,0.8614027794770674,44.09480433333332,43.899235
753,753,2015-12-29,50.82,51.779999,50.73,50.880001,43.899235,2433400,43.899235,2433400,0.11806572215663075,0.9648504136154181,43.96250933333332,43.40744
754,754,2015-12-30,50.830002,51.290001000000004,50.259997999999996,50.310001,43.40744,1663100,43.40744,1663100,-1.023019829902821,0.6594241484687277,43.76694133333333,42.976044
755,755,2015-12-31,50.209998999999996,50.549999,49.720001,49.810001,42.976044,2401600,42.976044,2401600,-0.7966500855735856,0.9522416180401037,43.582875666666666,43.252132
756,756,2016-01-04,49.810001,50.200001,48.709998999999996,50.130001,43.252132,4518300,43.252132,4518300,0.6424412639542012,1.7915195298095437,43.427572999999995,43.114079
757,757,2016-01-05,49.619999,50.700001,48.709998999999996,49.970001,43.114079,5307900,43.114079,5307900,0.7053647864845856,2.1045983029626356,43.211872,41.837146999999995
758,758,2016-01-06,49.040001000000004,49.310001,47.709998999999996,48.490002000000004,41.837146999999995,4218300,41.837146999999995,4218300,-1.1215313800666513,1.6725686281556333,43.114084999999996,41.845764
759,759,2016-01-07,47.07,49.630001,47.02,48.5,41.845764,7616500,41.845764,7616500,3.038028468238793,3.0199651414900273,42.73445266666666,39.895851
760,760,2016-01-08,48.48,48.509997999999996,46.139998999999996,46.240002000000004,39.895851,4015300,39.895851,4015300,-4.620457920792065,1.5920785180364874,42.26566333333333,40.38765
761,761,2016-01-11,46.529999,47.299999,45.880001,46.810001,40.38765,3701600,40.38765,3701600,0.6017666151250147,1.4676955252070485,41.19292066666666,40.655105999999996
762,762,2016-01-12,47.369999,47.549999,46.32,47.119999,40.655105999999996,2968700,40.655105999999996,2968700,-0.5277601969128182,1.1770984724665454,40.709755,39.645634
763,763,2016-01-13,47.200001,47.599998,45.84,45.950001,39.645634,2808900,39.645634,2808900,-2.6483050286376053,1.1137372921855626,40.312869,39.50758
764,764,2016-01-14,46.060001,46.549999,44.630001,45.790001000000004,39.50758,3563100,39.50758,3563100,-0.5861919108512308,1.4127798589434932,40.229463333333335,39.214233
765,765,2016-01-15,44.490002000000004,46.040001000000004,44.490002000000004,45.450001,39.214233,3830900,39.214233,3830900,2.1577859223292375,1.5189633638198838,39.93610666666666,39.809559
766,766,2016-01-19,45.759997999999996,46.470001,44.560001,46.139998999999996,39.809559,4360800,39.809559,4360800,0.830421802028925,1.7290703064412407,39.455815666666666,39.775055
767,767,2016-01-20,45.540001000000004,46.619999,44.689999,46.099998,39.775055,4647800,39.775055,4647800,1.229681571592402,1.8428666690234816,39.510457333333335,41.190048
768,768,2016-01-21,46.290001000000004,48.23,45.970001,47.740002000000004,41.190048,5490700,41.190048,5490700,3.132428102561502,2.177079052370418,39.59961566666667,41.431622
769,769,2016-01-22,48.299999,49.099998,47.549999,48.02,41.431622,4241200,41.431622,4241200,-0.5797080865363922,1.6816485469818818,40.258220666666666,40.439415000000004
770,770,2016-01-25,47.93,48.189999,46.759997999999996,46.869999,40.439415000000004,3193800,40.439415000000004,3193800,-2.2115606092217814,1.2663512990075294,40.79890833333334,41.448887
771,771,2016-01-26,47.369999,48.290001000000004,47.080002,48.040001000000004,41.448887,2123200,41.448887,2123200,1.414401549807936,0.8418551813052748,41.020361666666666,41.431622
772,772,2016-01-27,47.689999,48.849998,47.66,48.02,41.431622,1826500,41.431622,1826500,0.6919710776257363,0.7242127395695575,41.106641333333336,41.405746
773,773,2016-01-28,49.68,49.810001,47.48,47.990002000000004,41.405746,1680200,41.405746,1680200,-3.401767310789041,0.6662043498630005,41.106641333333336,42.363448999999996
774,774,2016-01-29,48.43,49.18,48.200001,49.099998,42.363448999999996,2118100,42.363448999999996,2118100,1.383435886846995,0.8398330159771583,41.42875166666667,43.079578000000005
775,775,2016-02-01,48.459998999999996,50.189999,47.810001,49.93,43.079578000000005,2894000,43.079578000000005,2894000,3.033431758840943,1.1474796979547217,41.73360566666667,42.415222
776,776,2016-02-02,50.18,50.18,48.66,49.16,42.415222,3153300,42.415222,3153300,-2.0326823435631787,1.2502929272842516,42.28292433333334,43.59726
777,777,2016-02-03,49.330002,50.779999,48.84,50.529999,43.59726,4037700,43.59726,4037700,2.432590616963681,1.6009601853599793,42.61941633333334,40.922581
778,778,2016-02-04,49.279999,49.279999,46.799999,47.43,40.922581,5557500,40.922581,5557500,-3.754056488515751,2.203565453138689,43.030686666666675,41.569675
779,779,2016-02-05,47.43,48.950001,46.700001,48.18,41.569675,4682600,41.569675,4682600,1.5812776723592663,1.8566649736153353,42.31168766666668,43.873352000000004
780,780,2016-02-08,48.150002,51.889998999999996,47.970001,50.849998,43.873352000000004,6711300,43.873352000000004,6711300,5.607468095224584,2.661050620899628,42.02983866666668,43.433319
781,781,2016-02-09,50.220001,51.73,50.09,50.34,43.433319,4448500,43.433319,4448500,0.23894663004885236,1.7638436200247338,42.12186933333334,42.441097
782,782,2016-02-10,50.619999,50.860001000000004,49.150002,49.189999,42.441097,2628400,42.441097,2628400,-2.8249704232510946,1.0421684996904599,42.958782000000014,42.441097
783,783,2016-02-11,48.580002,49.369999,47.970001,49.189999,42.441097,3021800,42.441097,3021800,1.255654538672106,1.1981527820592877,43.24925600000001,42.19952
784,784,2016-02-12,48.939999,49.700001,47.299999,48.91,42.19952,3801900,42.19952,3801900,-0.06129750840412494,1.5074647766600058,42.77183766666667,43.9165
785,785,2016-02-16,49.639998999999996,51.639998999999996,49.509997999999996,50.900002,43.9165,4480900,43.9165,4480900,2.5382816788533877,1.7766903174033561,42.36057133333334,45.081268
786,786,2016-02-17,51.34,52.779999,51.080002,52.25,45.081268,7120100,45.081268,7120100,1.7724970783015124,2.8231410495533567,42.852372333333335,45.486794
787,787,2016-02-18,52.16,53.07,51.169998,52.720001,45.486794,8327200,45.486794,8327200,1.0736215490797678,3.301759827508141,43.732429333333336,42.423843
788,788,2016-02-19,47.849998,49.75,46.650002,49.169998,42.423843,18947400,42.423843,18947400,2.758620804958028,7.51270104665767,44.82818733333334,44.322002000000005
789,789,2016-02-22,49.32,51.389998999999996,49.32,51.369999,44.322002000000005,4712800,44.322002000000005,4712800,4.156526763990267,1.8686393643818289,44.33063500000001,43.881981
790,790,2016-02-23,51.400002,51.57,50.189999,50.860001000000004,43.881981,2753300,43.881981,2753300,-1.0505855622340183,1.091691725079038,44.077546333333345,44.796539
791,791,2016-02-24,50.52,52.0,49.48,51.919998,44.796539,3537600,44.796539,3537600,2.7711757719714893,1.4026690323029107,43.54260866666667,45.236576
792,792,2016-02-25,51.900002,52.759997999999996,50.650002,52.43,45.236576,2835100,45.236576,2835100,1.0211907120928418,1.124125670930004,44.33350733333334,45.305595000000004
793,793,2016-02-26,52.720001,52.759997999999996,51.810001,52.509997999999996,45.305595000000004,2330800,45.305595000000004,2330800,-0.39833648713323716,0.9241692052497807,44.63836533333333,44.27887
794,794,2016-02-29,52.32,52.5,51.23,51.32,44.27887,3370100,44.27887,3370100,-1.91131498470948,1.3362547788794774,45.11290333333334,45.11578
795,795,2016-03-01,51.669998,52.360001000000004,51.080002,52.290001000000004,45.11578,2579400,45.11578,2579400,1.1999284381625177,1.022739852420321,44.94034700000001,45.512665000000005
796,796,2016-03-02,52.369999,52.830002,52.119999,52.75,45.512665000000005,3080900,45.512665000000005,3080900,0.725608186473328,1.221586109685108,44.900081666666686,46.103519
797,797,2016-03-03,52.540001000000004,53.220001,52.150002,53.060001,46.103519,2012500,46.103519,2012500,0.989722097645175,0.7979622985949819,44.96910500000001,47.363415
798,798,2016-03-04,53.040001000000004,55.310001,52.57,54.509997999999996,47.363415,6376600,47.363415,6376600,2.7714875043082903,2.528341064954416,45.57732133333335,47.519814000000004
799,799,2016-03-07,53.099998,55.560001,53.02,54.689999,47.519814000000004,4177600,47.519814000000004,4177600,2.994352278506679,1.6564309558312529,46.32653300000002,47.88475
800,800,2016-03-08,54.009997999999996,55.990002000000004,54.0,55.110001000000004,47.88475,4829500,47.88475,4829500,2.036665507745451,1.9149112651252,46.995582666666685,48.519042999999996
801,801,2016-03-09,55.389998999999996,56.25,54.959998999999996,55.84,48.519042999999996,3367900,48.519042999999996,3367900,0.8124228346709438,1.3353824722673489,47.589326333333354,49.535647999999995
802,802,2016-03-10,56.290001000000004,57.080002,55.630001,57.009997999999996,49.535647999999995,4074600,49.535647999999995,4074600,1.279085072320379,1.6155911462634103,47.974535666666675,49.083832
803,803,2016-03-11,57.27,57.650002,56.029999,56.490002000000004,49.083832,2681500,49.083832,2681500,-1.3619661253710478,1.063222809283202,48.64648033333335,48.710196999999994
804,804,2016-03-14,56.02,56.52,55.599998,56.060001,48.710196999999994,1798300,48.710196999999994,1798300,0.07140485540877654,0.7130313548140899,49.04617433333335,49.327118
805,805,2016-03-15,55.810001,56.889998999999996,55.5,56.77,49.327118,2422700,49.327118,2422700,1.7201200193492263,0.9606078314564286,49.109892333333356,49.396629
806,806,2016-03-16,56.27,56.990002000000004,56.02,56.849998,49.396629,1753400,49.396629,1753400,1.0307410698418273,0.6952283698665547,49.040382333333355,50.587009
807,807,2016-03-17,56.849998,58.5,56.5,58.220001,50.587009,2342300,50.587009,2342300,2.409855845553423,0.9287289898131806,49.14464800000002,50.847675
808,808,2016-03-18,58.009997999999996,59.369999,57.27,58.52,50.847675,3668800,50.847675,3668800,0.8791622437222066,1.454690226626221,49.77025200000002,50.109116
809,809,2016-03-21,57.880001,58.700001,57.400002,57.669998,50.109116,2454100,50.109116,2454100,-0.3628248036830552,0.9730580258295379,50.27710433333336,49.309742
810,810,2016-03-22,57.639998999999996,58.189999,56.720001,56.75,49.309742,2579200,49.309742,2579200,-1.544064912284256,1.0226605518192184,50.51460000000003,48.692822
811,811,2016-03-23,56.84,56.869999,55.900002,56.040001000000004,48.692822,2114400,48.692822,2114400,-1.4074577762139333,0.8383659548567601,50.08884433333336,48.631996
812,812,2016-03-24,55.900002,56.07,55.450001,55.970001,48.631996,2026500,48.631996,2026500,0.12522182020673775,0.8035133406721644,49.37056000000003,49.266293
813,813,2016-03-28,55.970001,57.240002000000004,55.91,56.700001,49.266293,1344500,49.266293,1344500,1.3042701214173587,0.5330982909122749,48.8781866666667,49.796321999999996
814,814,2016-03-29,56.860001000000004,57.450001,56.599998,57.310001,49.796321999999996,1452600,49.796321999999996,1452600,0.7914175027889917,0.5759602658082339,48.8637036666667,49.961403000000004
815,815,2016-03-30,57.509997999999996,57.98,57.150002,57.5,49.961403000000004,1147100,49.961403000000004,1147100,-0.017384803247595237,0.45482859762400185,49.23153700000003,49.709431
816,816,2016-03-31,57.470001,57.880001,57.130001,57.209998999999996,49.709431,1211400,49.709431,1211400,-0.45241342522337374,0.48032374087848995,49.67467266666669,49.726807
817,817,2016-04-01,57.080002,57.919998,56.82,57.23,49.726807,1889500,49.726807,1889500,0.26278555491290373,0.7491924289168786,49.82238533333336,48.267059
818,818,2016-04-04,57.150002,57.419998,55.43,55.549999,48.267059,2570100,48.267059,2570100,-2.7996551951126807,1.0190523744690498,49.799213666666695,47.684909999999995
819,819,2016-04-05,55.41,55.549999,54.59,54.880001,47.684909999999995,2460100,47.684909999999995,2460100,-0.9565042411117065,0.9754370438626161,49.23443233333336,47.545883
820,820,2016-04-06,54.810001,54.939999,53.880001,54.720001,47.545883,2667400,47.545883,2667400,-0.16420360948359827,1.057632116905468,48.55959200000003,45.57349
821,821,2016-04-07,54.380001,54.669998,52.209998999999996,52.450001,45.57349,5483200,45.57349,5483200,-3.549098868166626,2.1741052798290705,47.83261733333336,44.435241999999995
822,822,2016-04-08,52.049999,52.18,49.900002,51.139998999999996,44.435241999999995,5299000,44.435241999999995,5299000,-1.7483189577006595,2.1010694262135696,46.934761000000016,44.174572
823,823,2016-04-11,51.23,51.439999,50.650002,50.84,44.174572,3040200,44.174572,3040200,-0.7612726917821462,1.2054484373607275,45.851538333333345,44.826237
824,824,2016-04-12,50.779999,51.93,49.950001,51.59,44.826237,3684600,44.826237,3684600,1.595118188166973,1.4609549741133268,44.727768000000005,45.173805
825,825,2016-04-13,51.779999,52.02,51.16,51.990002000000004,45.173805,3674500,45.173805,3674500,0.40556779462279924,1.4569502937576453,44.478683666666676,44.574265000000004
826,826,2016-04-14,52.0,52.0,50.689999,51.299999,44.574265000000004,2305200,44.574265000000004,2305200,-1.3461557692307697,0.914018728308647,44.72487133333335,44.921818
827,827,2016-04-15,51.279999,51.98,50.779999,51.700001,44.921818,2537100,44.921818,2537100,0.8190366774383201,1.0059677752871197,44.85810233333334,45.469227000000004
828,828,2016-04-18,51.66,52.57,51.57,52.330002,45.469227000000004,2193100,45.469227000000004,2193100,1.2969454123112734,0.869570741390636,44.88996266666668,45.625617999999996
829,829,2016-04-19,52.349998,52.900002,52.049999,52.509997999999996,45.625617999999996,1753700,45.625617999999996,1753700,0.30563515971862426,0.6953473207682086,44.98843666666668,46.546654
830,830,2016-04-20,52.66,54.189999,52.540001000000004,53.57,46.546654,2321100,46.546654,2321100,1.7280668439042988,0.9203231260963043,45.338887666666686,46.294674
831,831,2016-04-21,53.599998,54.419998,53.209998999999996,53.279999,46.294674,4143100,46.294674,4143100,-0.5970130819781053,1.642751602141053,45.88049966666668,44.826237
832,832,2016-04-22,52.34,53.400002,51.43,51.59,44.826237,4290100,44.826237,4290100,-1.4329384791746274,1.701037543951469,46.155648666666686,45.191174
833,833,2016-04-25,51.509997999999996,52.279999,51.18,52.009997999999996,45.191174,1700100,45.191174,1700100,0.9706853415137001,0.6740947596727099,45.88918833333335,45.851532
834,834,2016-04-26,51.970001,52.880001,51.720001,52.77,45.851532,2683300,45.851532,2683300,1.539347670976569,1.0639365146931254,45.43736166666668,46.459765999999995
835,835,2016-04-27,52.610001000000004,53.549999,52.290001000000004,53.470001,46.459765999999995,1588000,46.459765999999995,1588000,1.6346701837165891,0.6296467727546987,45.28964766666669,45.816784000000006
836,836,2016-04-28,53.369999,53.82,52.599998,52.73,45.816784000000006,1529900,45.816784000000006,1529900,-1.199173715555069,0.6066099481343914,45.83415733333336,44.426556
837,837,2016-04-29,52.240002000000004,52.240002000000004,50.580002,51.130001,44.426556,3116000,44.426556,3116000,-2.1248104086979245,1.2355033651786154,46.04269400000003,44.826237
838,838,2016-05-02,51.200001,51.740002000000004,50.419998,51.59,44.826237,2676000,44.826237,2676000,0.7617167819977251,1.0610420427528802,45.56770200000003,44.139815999999996
839,839,2016-05-03,51.209998999999996,51.209998999999996,50.060001,50.799999,44.139815999999996,2143100,44.139815999999996,2143100,-0.8006248935876694,0.8497455911149842,45.02319233333336,43.053696
840,840,2016-05-04,50.209998999999996,50.450001,48.950001,49.549999,43.053696,3877500,43.053696,3877500,-1.3144792135924892,1.5374404038767913,44.464203000000026,42.323837
841,841,2016-05-05,49.369999,49.380001,47.639998999999996,48.709998999999996,42.323837,5014700,42.323837,5014700,-1.3368442644692047,1.988343621746214,44.00658300000003,41.759040999999996
842,842,2016-05-06,48.310001,48.310001,47.18,48.060001,41.759040999999996,4678300,41.759040999999996,4678300,-0.5174911919376693,1.8549600106916293,43.172449666666694,42.749588
843,843,2016-05-09,48.16,49.57,48.040001000000004,49.200001,42.749588,4222000,42.749588,4222000,2.159470514950174,1.6740356892760315,42.37885800000003,42.454159000000004
844,844,2016-05-10,48.700001,49.02,47.959998999999996,48.860001000000004,42.454159000000004,5063800,42.454159000000004,5063800,0.3285420877096156,2.007811919316904,42.27748866666669,39.473858
845,845,2016-05-11,47.029999,47.029999,45.290001000000004,45.43,39.473858,10006600,39.473858,10006600,-3.4020817223491693,3.9676469749667307,42.32092933333336,39.300076000000004
846,846,2016-05-12,45.0,46.259997999999996,43.84,45.23,39.300076000000004,13426200,39.300076000000004,13426200,0.5111111111111042,5.323528652619103,41.559201666666695,34.025890000000004
847,847,2016-05-13,38.48,41.02,37.990002000000004,39.16,34.025890000000004,29545100,34.025890000000004,29545100,1.7671517671517665,11.714720948183155,40.40936433333336,33.487175
848,848,2016-05-16,39.630001,39.650002,38.400002,38.540001000000004,33.487175,10379600,33.487175,10379600,-2.750441515255062,4.115542596023093,37.599941333333355,32.713863
849,849,2016-05-17,38.400002,38.75,37.509997999999996,37.650002,32.713863,7042100,32.713863,7042100,-1.9531248982747447,2.79221381512334,35.60438033333335,31.601683
850,850,2016-05-18,37.220001,37.5,36.189999,36.369999,31.601683,8689000,31.601683,8689000,-2.2837237430488067,3.4452146149027567,33.40897600000002,32.244652
851,851,2016-05-19,36.669998,37.360001000000004,36.509997999999996,37.110001000000004,32.244652,6326400,32.244652,6326400,1.1998991655249187,2.5084366140776613,32.600907000000014,33.122246000000004
852,852,2016-05-20,37.25,38.130001,37.080002,38.119999,33.122246000000004,4846200,33.122246000000004,4846200,2.335567785234899,1.9215328653172676,32.18673266666668,33.15699
853,853,2016-05-23,38.279999,39.18,38.110001000000004,38.16,33.15699,5240800,33.15699,5240800,-0.31347701968330766,2.077992951292711,32.322860333333345,33.026665
854,854,2016-05-24,38.380001,38.580002,37.619999,38.009997999999996,33.026665,2721200,33.026665,2721200,-0.9640515642508818,1.0789639786020695,32.84129600000001,33.191746
855,855,2016-05-25,38.07,38.369999,37.66,38.200001,33.191746,5086500,33.191746,5086500,0.34147885474126616,2.01681253754205,33.10196700000001,33.042590999999994
856,856,2016-05-26,37.84,38.099998,37.360001000000004,37.66,33.042590999999994,3751500,33.042590999999994,3751500,-0.4756871035940983,1.4874810251821489,33.12513366666668,33.490066999999996
857,857,2016-05-27,37.77,38.18,37.610001000000004,38.169998,33.490066999999996,2704700,33.490066999999996,2704700,1.0590362721736735,1.0724216790111043,33.087000666666675,33.32336
858,858,2016-05-31,38.169998,38.310001,37.619999,37.98,33.32336,4793800,33.32336,4793800,-0.4977679066160883,1.9007561078283848,33.241468000000005,33.472515
859,859,2016-06-01,37.98,38.330002,37.75,38.150002,33.472515,3900700,33.472515,3900700,0.44760926803581824,1.5466392736046937,33.28533933333335,34.481518
860,860,2016-06-02,38.23,39.41,38.0,39.299999,34.481518,4576300,34.481518,4576300,2.7988464556630994,1.8145167041292998,33.42864733333335,34.876343
861,861,2016-06-03,39.130001,39.939999,39.060001,39.75,34.876343,4453800,34.876343,4453800,1.584459453502186,1.765945085953953,33.75913100000002,34.955315
862,862,2016-06-06,39.849998,40.220001,39.290001000000004,39.84,34.955315,3692900,34.955315,3692900,-0.02508908532441069,1.4642459490590851,34.27679200000002,35.534389000000004
863,863,2016-06-07,39.59,40.849998,39.5,40.5,35.534389000000004,4164300,35.534389000000004,4164300,2.2985602424854674,1.6511574658579296,34.77105866666668,35.587032
864,864,2016-06-08,40.48,40.84,40.220001,40.560001,35.587032,3254100,35.587032,3254100,0.19763092885376207,1.2902604302399654,35.12201566666668,34.718418
865,865,2016-06-09,40.580002,40.580002,39.09,39.57,34.718418,2997100,34.718418,2997100,-2.48891559936345,1.1883591578231156,35.35891200000001,34.113014
866,866,2016-06-10,38.849998,38.889998999999996,38.310001,38.880001,34.113014,4313800,34.113014,4313800,0.07722780320349223,1.710434665182128,35.27994633333334,33.060146
867,867,2016-06-13,38.880001,38.889998999999996,37.650002,37.68,33.060146,3610300,33.060146,3610300,-3.0864222457195933,1.4314948008037083,34.80615466666668,32.182751
868,868,2016-06-14,37.689999,37.77,36.41,36.68,32.182751,5392500,32.182751,5392500,-2.6797533212988425,2.1381424572290384,33.963859333333346,32.454735
869,869,2016-06-15,37.049999,38.43,36.959998999999996,36.990002000000004,32.454735,5181000,32.454735,5181000,-0.16193522704277438,2.0542820715630317,33.118637000000014,32.270496
870,870,2016-06-16,37.189999,37.200001,36.330002,36.779999,32.270496,5516500,32.270496,5516500,-1.1024469239700805,2.187308829912655,32.56587733333334,32.884659
871,871,2016-06-17,36.900002,37.740002000000004,36.82,37.48,32.884659,4906700,32.884659,4906700,1.5718102129100056,1.9455212971508062,32.302660666666675,33.086464
872,872,2016-06-20,38.09,38.27,37.650002,37.709998999999996,33.086464,2378700,33.086464,2378700,-0.9976398004725837,0.9431616992138551,32.53663000000001,33.121555
873,873,2016-06-21,37.950001,38.23,37.68,37.75,33.121555,2616100,33.121555,2616100,-0.5270118438205056,1.0372915127226494,32.747206333333345,33.156658
874,874,2016-06-22,37.830002,38.98,37.740002000000004,37.790001000000004,33.156658,3050500,33.156658,3050500,-0.10573882602490114,1.2095324183175116,33.03089266666668,33.560257
875,875,2016-06-23,38.259997999999996,38.630001,38.09,38.25,33.560257,2480500,33.560257,2480500,-0.026131731632594326,0.983525705175082,33.12155900000001,32.577587
876,876,2016-06-24,37.049999,37.52,36.560001,37.130001,32.577587,4210400,32.577587,4210400,0.21592983038947006,1.6694362544120804,33.27949000000001,31.761599
877,877,2016-06-27,37.110001000000004,37.110001000000004,35.009997999999996,36.200001,31.761599,4739200,31.761599,4739200,-2.4521691605451683,1.879107043727373,33.09816733333334,32.560036
878,878,2016-06-28,36.580002,37.189999,36.360001000000004,37.110001000000004,32.560036,3328600,32.560036,3328600,1.4488763559936482,1.3197999041506865,32.63314766666667,33.226856
879,879,2016-06-29,37.25,38.119999,37.080002,37.869999,33.226856,3451500,33.226856,3451500,1.6644268456375837,1.3685301235282386,32.29974066666667,33.384766
880,880,2016-06-30,38.029999,38.110001000000004,37.400002,38.049999,33.384766,2732900,33.384766,2732900,0.05259006186143504,1.083603063766572,32.51616366666667,33.542709
881,881,2016-07-01,37.84,38.540001000000004,37.799999,38.23,33.542709,2757900,33.542709,2757900,1.03065539112049,1.0935156389043978,33.05721933333334,32.867115000000005
882,882,2016-07-05,38.23,38.23,36.790001000000004,37.459998999999996,32.867115000000005,2728900,32.867115000000005,2728900,-2.0141276484436323,1.0820170517445198,33.384777000000014,33.630451
883,883,2016-07-06,37.290001000000004,38.41,36.82,38.330002,33.630451,3656300,33.630451,3656300,2.7889540684109835,1.4497339390573079,33.26486333333335,34.349907
884,884,2016-07-07,38.34,39.540001000000004,38.34,39.150002,34.349907,4460100,34.349907,4460100,2.1126812728221105,1.7684430548886851,33.34675833333335,35.376457
885,885,2016-07-08,39.459998999999996,40.599998,39.459998999999996,40.32,35.376457,3937600,35.376457,3937600,2.1794247891390066,1.5612702345081246,33.61582433333334,35.937992
886,886,2016-07-11,40.400002,41.110001000000004,40.119999,40.959998999999996,35.937992,3070000,35.937992,3070000,1.3861311194984487,1.2172642269250158,34.45227166666668,36.517067
887,887,2016-07-12,41.139998999999996,41.779999,41.060001,41.619999,36.517067,3192200,36.517067,3192200,1.1667477191722926,1.2657168941987087,35.22145200000002,36.060818
888,888,2016-07-13,41.57,41.889998999999996,40.599998,41.099998,36.060818,2534800,36.060818,2534800,-1.1306278566273777,1.0050558183744398,35.943838666666686,35.859024
889,889,2016-07-14,41.48,41.799999,40.68,40.869999,35.859024,2087600,35.859024,2087600,-1.470590646094496,0.8277396743090107,36.17195900000002,35.657222999999995
890,890,2016-07-15,41.07,41.34,40.630001,40.639998999999996,35.657222999999995,2130100,35.657222999999995,2130100,-1.046995373752141,0.8445910520433147,36.14563633333335,36.069599
891,891,2016-07-18,40.689999,41.41,40.509997999999996,41.110001000000004,36.069599,1988000,36.069599,1988000,1.0321995829982786,0.7882479749599125,35.85902166666668,35.499287
892,892,2016-07-19,41.080002,41.080002,40.32,40.459998999999996,35.499287,2305100,35.499287,2305100,-1.5092574727722847,0.9139790780080957,35.861948666666684,36.148563
893,893,2016-07-20,40.650002,41.310001,40.330002,41.200001,36.148563,1604400,36.148563,1604400,1.3530110035418934,0.6361494220451125,35.742036333333346,36.183659000000006
894,894,2016-07-21,41.139998999999996,41.68,41.009997999999996,41.240002000000004,36.183659000000006,2063100,36.183659000000006,2063100,0.24307973366749003,0.8180253506739414,35.90581633333335,35.85025
895,895,2016-07-22,41.23,41.419998,40.68,40.860001000000004,35.85025,2357500,35.85025,2357500,-0.8974023769099997,0.9347558354969788,35.94383633333335,37.499748
896,896,2016-07-25,41.080002,42.880001,40.950001,42.740002000000004,37.499748,4274300,37.499748,4274300,4.040895616314731,1.6947727964643633,36.06082400000002,38.54385
897,897,2016-07-26,43.970001,45.150002,43.860001000000004,43.93,38.54385,6290800,38.54385,6290800,-0.09097338887939467,2.4943211070813973,36.51121900000001,37.53484
898,898,2016-07-27,44.060001,44.439999,42.25,42.779999,37.53484,3398900,37.53484,3398900,-2.905133842371005,1.3476740654382529,37.29794933333334,37.964771
899,899,2016-07-28,42.669998,43.360001000000004,41.77,43.27,37.964771,2312000,37.964771,2312000,1.4061448983428673,0.9167149487461357,37.85947933333334,38.80706
900,900,2016-07-29,42.860001000000004,44.41,42.630001,44.23,38.80706,3292500,38.80706,3292500,3.1964511620053226,1.305486145651666,38.01448700000001,38.377148
901,901,2016-08-01,43.93,44.27,43.380001,43.740002000000004,38.377148,3159200,38.377148,3159200,-0.43250170726154263,1.2526322950167785,38.102223666666674,35.744960999999996
902,902,2016-08-02,43.02,43.310001,40.549999,40.740002000000004,35.744960999999996,5563500,35.744960999999996,5563500,-5.299855880985586,2.2059444711717675,38.382993000000006,36.508301
903,903,2016-08-03,39.880001,41.82,39.049999,41.610001000000004,36.508301,4205500,36.508301,4205500,4.338013933349711,1.6674933896850666,37.64305633333334,36.850483000000004
904,904,2016-08-04,41.5,42.34,41.099998,42.0,36.850483000000004,2248800,36.850483000000004,2248800,1.2048192771084338,0.891655958797712,36.876803333333335,38.210434
905,905,2016-08-05,42.369999,44.080002,42.23,43.549999,38.210434,3112500,38.210434,3112500,2.784989445008011,1.2341156046593198,36.367915,39.280853
906,906,2016-08-08,43.66,45.080002,43.66,44.77,39.280853,3428000,39.280853,3428000,2.542372881355947,1.3592123028986822,37.189739333333335,38.184104999999995
907,907,2016-08-09,44.610001000000004,44.700001,42.950001,43.52,38.184104999999995,4771800,38.184104999999995,4771800,-2.4434005280564794,1.8920330417070979,38.11392333333334,38.80706
908,908,2016-08-10,43.810001,45.400002,43.52,44.23,38.80706,4407700,38.80706,4407700,0.9586829272156308,1.747666297399802,38.55846400000001,41.728786
909,909,2016-08-11,47.0,48.91,46.66,47.560001,41.728786,13944000,41.728786,13944000,1.1914914893617017,5.5288379088737525,38.75733933333334,45.080425
910,910,2016-08-12,51.0,52.09,50.259997999999996,51.380001,45.080425,14787100,45.080425,14787100,0.7451000000000001,5.863129592821792,39.573317,46.466702000000005
911,911,2016-08-15,51.73,53.25,51.639998999999996,52.959998999999996,46.466702000000005,5845700,46.466702000000005,5845700,2.377728590759713,2.3178376193275456,41.87209033333334,46.20348
912,912,2016-08-16,52.700001,53.709998999999996,52.259997999999996,52.66,46.20348,4351100,46.20348,4351100,-0.0759032243661698,1.7252242272877643,44.42530433333334,45.396282
913,913,2016-08-17,52.029999,52.470001,51.240002000000004,51.740002000000004,45.396282,3962000,45.396282,3962000,-0.5573649924536661,1.5709449078426425,45.916869,45.685818
914,914,2016-08-18,52.130001,52.389998999999996,51.619999,52.07,45.685818,2490600,45.685818,2490600,-0.11509878927491245,0.9875303855307637,46.022154666666665,46.185932
915,915,2016-08-19,52.400002,52.880001,51.849998,52.639998999999996,46.185932,2897200,46.185932,2897200,0.45800952450344445,1.1487485075723636,45.76185999999999,45.747234000000006
916,916,2016-08-22,52.639998999999996,52.73,51.610001000000004,52.139998999999996,45.747234000000006,2840300,45.747234000000006,2840300,-0.9498480423603353,1.1261874865586718,45.75601066666667,46.405277000000005
917,917,2016-08-23,52.630001,53.27,52.32,52.889998999999996,46.405277000000005,2473200,46.405277000000005,2473200,0.49401101094411143,0.9806312332348369,45.87299466666667,45.878845
918,918,2016-08-24,52.650002,52.799999,52.200001,52.290001000000004,45.878845,1908400,45.878845,1908400,-0.6837625571220242,0.756686335721075,46.11281433333335,45.56073
919,919,2016-08-25,51.849998,52.419998,51.240002000000004,51.560001,45.56073,1774400,45.56073,1774400,-0.5592999251417515,0.7035549329823284,46.010452000000015,45.295643
920,920,2016-08-26,51.619999,52.080002,50.98,51.259997999999996,45.295643,1969800,45.295643,1969800,-0.6974060576793192,0.7810316202595753,45.94828400000002,46.347176
921,921,2016-08-29,51.490002000000004,52.509997999999996,51.389998999999996,52.450001,46.347176,2128200,46.347176,2128200,1.8644376824844484,0.84383769633284,45.57840600000001,45.463531
922,922,2016-08-30,52.450001,52.450001,51.02,51.450001,45.463531,2187200,45.463531,2187200,-1.906577656690607,0.867231373658109,45.73451633333334,44.588726
923,923,2016-08-31,51.599998,51.869999,50.23,50.459998999999996,44.588726,3024600,44.588726,3024600,-2.2093004732287063,1.199262990474724,45.70211666666666,45.0924
924,924,2016-09-01,50.759997999999996,51.110001000000004,50.43,51.029999,45.0924,2538200,45.0924,2538200,0.5319168846302962,1.006403928593184,45.46647766666666,45.83466
925,925,2016-09-02,51.27,52.389998999999996,51.119999,51.869999,45.83466,3054800,45.83466,3054800,1.1702730641700738,1.2112373812412178,45.048218999999996,44.199923999999996
926,926,2016-09-06,51.689999,51.779999,49.84,50.02,44.199923999999996,4010900,44.199923999999996,4010900,-3.2307971218958564,1.59033390481223,45.171928666666666,45.039387
927,927,2016-09-07,49.880001,51.169998,49.389998999999996,50.970001,45.039387,2991500,45.039387,2991500,2.185244543198793,1.1861387409922426,45.042328,44.244091
928,928,2016-09-08,50.77,50.84,49.849998,50.07,44.244091,1980900,44.244091,1980900,-1.3787669883789695,0.78543280362077,45.024657,43.917152
929,929,2016-09-09,49.709998999999996,50.389998999999996,49.560001,49.700001,43.917152,2759200,43.917152,2759200,-0.020112653794251648,1.0940310928115646,44.49446733333334,44.447342
930,930,2016-09-12,49.419998,50.450001,49.299999,50.299999,44.447342,2543400,44.447342,2543400,1.7806577005527198,1.0084657442218519,44.400209999999994,43.448818
931,931,2016-09-13,49.860001000000004,50.130001,48.830002,49.169998,43.448818,3256800,43.448818,3256800,-1.3838808386706698,1.2913309883548507,44.20286166666666,43.660896
932,932,2016-09-14,49.23,49.939999,48.459998999999996,49.41,43.660896,2979600,43.660896,2979600,0.36563071297988975,1.1814203552266376,43.93777066666666,45.684441
933,933,2016-09-15,49.310001,52.0,48.869999,51.700001,45.684441,5170400,45.684441,5170400,4.8468869428739225,2.0500791397045934,43.852351999999996,45.313316
934,934,2016-09-16,51.23,51.779999,51.0,51.279999,45.313316,4126300,45.313316,4126300,0.09759711106773314,1.6360903516484342,44.26471833333333,44.738937
935,935,2016-09-19,51.43,51.529999,50.389998999999996,50.630001,44.738937,2532800,44.738937,2532800,-1.555510402488819,1.0042628123634136,44.88621766666665,43.970169
936,936,2016-09-20,50.630001,50.91,49.66,49.759997999999996,43.970169,1729200,43.970169,1729200,-1.718354696457549,0.6856329971331392,45.245564666666645,45.127743
937,937,2016-09-21,49.939999,51.080002,49.939999,51.07,45.127743,2245900,45.127743,2245900,2.262717306021572,0.8905061000817242,44.67414066666665,44.615231
938,938,2016-09-22,51.119999,51.549999,49.98,50.490002000000004,44.615231,3744300,44.615231,3744300,-1.2323885217603308,1.484626203542455,44.61228299999999,45.569571999999994
939,939,2016-09-23,51.049999,52.049999,50.970001,51.57,45.569571999999994,2541800,45.569571999999994,2541800,1.0186111854772035,1.007831339413031,44.57104766666666,45.507709999999996
940,940,2016-09-26,51.119999,51.990002000000004,51.040001000000004,51.5,45.507709999999996,3213200,45.507709999999996,3213200,0.7433509535084303,1.2740434573144823,45.10418199999999,45.693279
941,941,2016-09-27,51.470001,52.279999,51.330002,51.709998999999996,45.693279,1676300,45.693279,1676300,0.4662871485081044,0.6646579881414997,45.23083766666665,45.755134999999996
942,942,2016-09-28,51.43,51.939999,51.16,51.779999,45.755134999999996,1460300,45.755134999999996,1460300,0.6805347073692336,0.5790133389506843,45.590186999999986,45.49004
943,943,2016-09-29,51.700001,52.619999,51.419998,51.48,45.49004,1995600,45.49004,1995600,-0.4255338408987718,0.7912613978018116,45.65204133333332,45.843498
944,944,2016-09-30,52.16,52.599998,51.389998999999996,51.880001,45.843498,2607100,45.843498,2607100,-0.5368078987729996,1.0337229856730321,45.646151333333314,45.163101
945,945,2016-10-03,51.619999,51.709998999999996,50.950001,51.110001000000004,45.163101,2156200,45.163101,2156200,-0.9879852961639848,0.854939780487205,45.69622433333331,45.640263
946,946,2016-10-04,51.119999,51.779999,50.869999,51.650002,45.640263,2108300,45.640263,2108300,1.036782101658493,0.8359472865231306,45.49887966666665,46.833183
947,947,2016-10-05,51.860001000000004,53.330002,51.759997999999996,53.0,46.833183,2433500,46.833183,2433500,2.1982240224021514,0.9648900639159694,45.54895399999999,47.663803
948,948,2016-10-06,52.860001000000004,54.599998,52.400002,53.939999,47.663803,3292900,47.663803,3292900,2.0431289814012605,1.3056447468538712,45.87884899999998,48.450256
949,949,2016-10-07,54.299999,55.23,54.139998999999996,54.830002,48.450256,3613600,48.450256,3613600,0.9760644746973212,1.4328032607219015,46.712416333333316,47.955421
950,950,2016-10-10,54.990002000000004,55.200001,53.580002,54.27,47.955421,2319400,47.955421,2319400,-1.309332558307601,0.9196490709869322,47.64908066666664,47.840538
951,951,2016-10-11,54.349998,54.860001000000004,53.93,54.139998999999996,47.840538,2308700,47.840538,2308700,-0.38638271891013387,0.9154064888279427,48.02315999999998,48.193989
952,952,2016-10-12,54.16,54.889998999999996,53.93,54.540001000000004,48.193989,2351400,48.193989,2351400,0.701626661742997,0.9323371671633492,48.08207166666665,47.434059000000005
953,953,2016-10-13,54.099998,54.110001000000004,53.169998,53.68,47.434059000000005,2144200,47.434059000000005,2144200,-0.7763364427481119,0.8501817444210485,47.996649333333316,47.389877
954,954,2016-10-14,52.880001,54.099998,52.549999,53.630001,47.389877,3297800,47.389877,3297800,1.4183055707582155,1.307587611580885,47.822861999999986,47.071766
955,955,2016-10-17,53.57,54.27,53.009997999999996,53.27,47.071766,1761800,47.071766,1761800,-0.5600149337315609,0.6985589951128641,47.67264166666666,47.071766
956,956,2016-10-18,53.869999,53.889998999999996,53.099998,53.27,47.071766,2082100,47.071766,2082100,-1.1137906276924134,0.8255589077786891,47.298567333333324,47.213139
957,957,2016-10-19,53.310001,53.639998999999996,53.02,53.43,47.213139,2621200,47.213139,2621200,0.22509660054217587,1.039313678050766,47.17780299999998,46.930374
958,958,2016-10-20,53.310001,53.450001,52.82,53.110001000000004,46.930374,1677500,46.930374,1677500,-0.3751641272713458,0.6651337917481154,47.11889033333332,47.831699
959,959,2016-10-21,52.77,54.380001,52.59,54.130001,47.831699,3270700,47.831699,3270700,2.577223801402306,1.296842380131482,47.07175966666665,48.414902000000005
960,960,2016-10-24,54.490002000000004,55.110001000000004,54.290001000000004,54.790001000000004,48.414902000000005,2161800,48.414902000000005,2161800,0.5505578803245403,0.8571601973180779,47.325070666666655,47.840538
961,961,2016-10-25,54.220001,54.639998999999996,53.790001000000004,54.139998999999996,47.840538,2748600,47.840538,2748600,-0.14755071657045424,1.0898281609531266,47.72565833333332,47.743336
962,962,2016-10-26,53.939999,55.119999,53.939999,54.029999,47.743336,2968500,47.743336,2968500,0.16685206093532984,1.1770191718654428,48.029046333333326,46.391360999999996
963,963,2016-10-27,54.490002000000004,54.540001000000004,52.41,52.5,46.391360999999996,3564300,46.391360999999996,3564300,-3.6520497833712757,1.4132556625501087,47.999591999999986,46.568096000000004
964,964,2016-10-28,52.48,53.299999,51.73,52.700001,46.568096000000004,3376000,46.568096000000004,3376000,0.4192092225609822,1.3385941466120044,47.325078333333316,45.949535
965,965,2016-10-31,52.139998999999996,52.799999,51.700001,52.0,45.949535,2638600,45.949535,2638600,-0.26850595068096567,1.0462128303466929,46.90093099999998,44.942177
966,966,2016-11-01,51.970001,52.220001,50.110001000000004,50.860001000000004,44.942177,3285100,44.942177,3285100,-2.135847563289443,1.3025520234108696,46.30299733333331,45.012878
967,967,2016-11-02,50.77,51.470001,50.389998999999996,50.939999,45.012878,3007000,45.012878,3007000,0.33484144179633074,1.1922845375776947,45.81993599999998,44.367813
968,968,2016-11-03,51.110001000000004,51.610001000000004,50.110001000000004,50.209998999999996,44.367813,2218600,44.367813,2218600,-1.760911724497927,0.8796815680312183,45.30152999999998,44.526871
969,969,2016-11-04,50.389998999999996,50.919998,50.110001000000004,50.389998999999996,44.526871,2274700,44.526871,2274700,0.0,0.9019253866404995,44.774289333333314,45.790485
970,970,2016-11-07,51.290001000000004,51.849998,51.240002000000004,51.82,45.790485,1724500,45.790485,1724500,1.0333378624812202,0.6837694330072279,44.63585399999997,45.993713
971,971,2016-11-08,51.810001,52.57,51.169998,52.049999,45.993713,2984600,45.993713,2984600,0.4632271672799233,1.1834028702542028,44.89505633333331,46.205795
972,972,2016-11-09,50.990002000000004,52.650002,50.18,52.290001000000004,46.205795,5374900,46.205795,5374900,2.5495174524605817,2.131164004332009,45.437022999999975,49.51062
973,973,2016-11-10,53.990002000000004,57.330002,53.990002000000004,56.029999,49.51062,10673500,49.51062,10673500,3.7784717992786745,4.232074829343373,45.99666433333331,51.88763
974,974,2016-11-11,57.5,59.18,55.049999,58.720001,51.88763,11523500,51.88763,11523500,2.1217408695652233,4.569102384029453,47.236709333333316,52.621052
975,975,2016-11-14,59.060001,62.82,59.060001,59.549999,52.621052,10520500,52.621052,10520500,0.8296613472796927,4.171409869499879,49.20134833333331,51.516498999999996
976,976,2016-11-15,59.740002000000004,59.740002000000004,57.849998,58.299999,51.516498999999996,4644300,51.516498999999996,4644300,-2.41045020386843,1.841478908504186,51.339767333333306,51.516498999999996
977,977,2016-11-16,58.25,58.810001,57.610001000000004,58.299999,51.516498999999996,4020100,51.516498999999996,4020100,0.08583519313304666,1.59398173246295,52.00839366666664,51.693226
978,978,2016-11-17,58.5,59.0,57.669998,58.5,51.693226,2659800,51.693226,2659800,0.0,1.0546186940635691,51.88468333333331,52.082031
979,979,2016-11-18,57.810001,59.5,56.790001000000004,58.939999,52.082031,4053700,52.082031,4053700,1.9546756278381667,1.607304233448188,51.57540799999998,51.012814
980,980,2016-11-21,58.470001,58.939999,57.5,57.73,51.012814,3210900,51.012814,3210900,-1.2656079824592554,1.2731315004018025,51.763918666666655,51.16304
981,981,2016-11-22,58.07,58.59,57.860001000000004,57.900002,51.16304,2472400,51.16304,2472400,-0.2927466850353016,0.9803140308304265,51.596023666666646,52.052368
982,982,2016-11-23,57.32,58.560001,57.049999,58.529999,52.052368,2419400,52.052368,2419400,2.1109542916957365,0.9592993715382356,51.41929499999998,51.447617
983,983,2016-11-25,58.860001000000004,59.080002,57.740002000000004,57.849998,51.447617,1147100,51.447617,1147100,-1.715941187292886,0.45482859762400185,51.40940733333331,49.855740000000004
984,984,2016-11-28,57.82,57.82,55.830002,56.060001,49.855740000000004,4388500,49.855740000000004,4388500,-3.0439277066758916,1.7400534396939518,51.55434166666665,50.113636
985,985,2016-11-29,56.209998999999996,56.889998999999996,55.900002,56.349998,50.113636,2858200,50.113636,2858200,0.24906422787875,1.1332848903573551,51.118574999999986,49.731224
986,986,2016-11-30,56.209998999999996,56.66,55.549999,55.919998,49.731224,4235700,49.731224,4235700,-0.5159242219520349,1.67946778045156,50.472330999999976,49.837948
987,987,2016-12-01,55.77,57.669998,55.299999,56.040001000000004,49.837948,3454800,49.837948,3454800,0.48413304644073984,1.3698385834464315,49.90019999999998,50.282608
988,988,2016-12-02,56.119999,57.049999,55.84,56.540001000000004,50.282608,2088100,50.282608,2088100,0.7483998707840387,0.8279379258117673,49.89426933333331,50.869564000000004
989,989,2016-12-05,57.040001000000004,57.990002000000004,56.639998999999996,57.200001,50.869564000000004,2702600,50.869564000000004,2702600,0.280504903918211,1.071589022699527,49.95059333333332,50.922916
990,990,2016-12-06,57.330002,57.57,56.580002,57.259997999999996,50.922916,1870500,50.922916,1870500,-0.12210709499016657,0.741658871812131,50.33003999999999,53.439719999999994
991,991,2016-12-07,57.380001,60.099998,57.0,60.09,53.439719999999994,3345500,53.439719999999994,3345500,4.722898140068006,1.326500804943857,50.691696,54.68478399999999
992,992,2016-12-08,59.599998,61.849998,59.57,61.490002000000004,54.68478399999999,4141100,54.68478399999999,4141100,3.171147757421074,1.6419585961300271,51.74406666666666,54.026680000000006
993,993,2016-12-09,61.529999,61.77,59.959998999999996,60.75,54.026680000000006,2760900,54.026680000000006,2760900,-1.2676727005960078,1.0947051479209369,53.015806666666656,51.945648
994,994,2016-12-12,60.240002000000004,60.509997999999996,58.040001000000004,58.41,51.945648,3786000,51.945648,3786000,-3.037851824772528,1.5011603788723484,54.05039466666665,51.892292
995,995,2016-12-13,57.799999,58.790001000000004,57.259997999999996,58.349998,51.892292,3275200,51.892292,3275200,0.9515553797846946,1.2986266436562905,53.552370666666654,50.709484
996,996,2016-12-14,58.27,58.41,56.650002,57.02,50.709484,3782200,50.709484,3782200,-2.1451862021623476,1.499653667451399,52.62153999999998,49.162052
997,997,2016-12-15,57.389998999999996,57.57,55.25,55.279999,49.162052,2205100,49.162052,2205100,-3.6765987746401594,0.8743287774567924,51.515807999999986,44.893276
998,998,2016-12-16,53.07,53.130001,50.200001,50.48,44.893276,10748000,44.893276,10748000,-4.880346711889963,4.2616143032540945,50.58794266666664,45.213444
999,999,2016-12-19,50.400002,51.240002000000004,50.16,50.84,45.213444,4003700,45.213444,4003700,0.8730118701185822,1.587479083172536,48.25493733333332,46.040508
1000,1000,2016-12-20,51.0,52.130001,50.959998999999996,51.77,46.040508,2844500,46.040508,2844500,1.5098039215686336,1.1278527991818266,46.42292399999999,45.542491999999996
1001,1001,2016-12-21,51.91,52.110001000000004,51.209998999999996,51.209998999999996,45.542491999999996,1513900,45.542491999999996,1513900,-1.3484896937006365,0.6002659000461829,45.38240933333331,42.901188
1002,1002,2016-12-22,51.220001,51.220001,48.009997999999996,48.240002000000004,42.901188,3841000,42.901188,3841000,-5.818037762240573,1.5229680441755655,45.598814666666634,43.354744000000004
1003,1003,2016-12-23,48.529999,49.720001,48.5,48.75,43.354744000000004,2331300,43.354744000000004,2331300,0.4533299083727644,0.9243674567525373,44.828062666666625,43.541503999999996
1004,1004,2016-12-27,48.919998,49.529999,48.419998,48.959998999999996,43.541503999999996,2313400,43.541503999999996,2313400,0.08176819631103954,0.917270052953854,43.932807999999966,43.052368
1005,1005,2016-12-28,49.0,49.27,48.169998,48.41,43.052368,1674700,43.052368,1674700,-1.2040816326530681,0.6640235833326789,43.26581199999996,42.945652
1006,1006,2016-12-29,48.27,48.889998999999996,47.93,48.290001000000004,42.945652,1455300,42.945652,1455300,0.0414356743318844,0.5770308239231191,43.3162053333333,42.625492
1007,1007,2016-12-30,48.439999,48.77,47.75,47.93,42.625492,1552100,42.625492,1552100,-1.0528468425443207,0.6154123148567808,43.17984133333329,42.349796000000005
1008,1008,2017-01-03,48.240002000000004,48.540001000000004,47.299999,47.619999,42.349796000000005,3968100,42.349796000000005,3968100,-1.2852466299649077,1.573363576176272,42.874503999999966,43.505936
1009,1009,2017-01-04,47.849998,49.200001,47.75,48.919998,43.505936,3781100,43.505936,3781100,2.236154743412947,1.4992175141453348,42.640313333333296,40.517792
1010,1010,2017-01-05,45.119999,45.68,44.02,45.560001,40.517792,7410000,40.517792,7410000,0.975181759201723,2.9380872708515855,42.827074666666626,40.437748
1011,1011,2017-01-06,45.419998,46.150002,45.150002,45.470001,40.437748,3088200,40.437748,3088200,0.11009027345180375,1.224480581625353,42.124507999999956,40.064228
1012,1012,2017-01-09,45.419998,45.599998,45.009997999999996,45.049999,40.064228,2269500,40.064228,2269500,-0.8146169447211336,0.8998635710118318,41.48715866666662,40.615608
1013,1013,2017-01-10,45.099998,45.98,44.889998999999996,45.669998,40.615608,2325000,40.615608,2325000,1.263858149173311,0.9218694878178052,40.33992266666662,39.930824
1014,1014,2017-01-11,45.830002,45.919998,44.459998999999996,44.900002,39.930824,3031400,39.930824,3031400,-2.0292384015169795,1.2019592109122128,40.37252799999995,40.046440000000004
1015,1015,2017-01-12,44.689999,45.439999,44.389998999999996,45.029999,40.046440000000004,1903200,40.046440000000004,1903200,0.7607966158155347,0.7546245200924072,40.203553333333296,39.308310999999996
1016,1016,2017-01-13,45.02,45.139998999999996,44.09,44.200001,39.308310999999996,2338800,39.308310999999996,2338800,-1.8214104842292376,0.9273412292938851,40.19762399999997,39.468379999999996
1017,1017,2017-01-17,43.650002,45.040001000000004,43.509997999999996,44.380001,39.468379999999996,2023000,39.468379999999996,2023000,1.672391675949979,0.8021255801528687,39.761858333333294,39.406128
1018,1018,2017-01-18,45.220001,45.220001,42.900002,44.310001,39.406128,3708300,39.406128,3708300,-2.012383856426725,1.4703520953439857,39.607710333333294,38.178852
1019,1019,2017-01-19,44.389998999999996,44.57,42.860001000000004,42.93,38.178852,3588400,38.178852,3588400,-3.2890268819334647,1.4228113849829729,39.394272999999956,39.699604
1020,1020,2017-01-20,42.970001,44.77,42.970001,44.639998999999996,39.699604,4064100,39.699604,4064100,3.8864276498387618,1.6114278647055233,39.017786666666616,39.495059999999995
1021,1021,2017-01-23,44.23,45.0,43.990002000000004,44.41,39.495059999999995,3115700,39.495059999999995,3115700,0.40696359936694493,1.2353844142769614,39.094861333333284,40.010876
1022,1022,2017-01-24,44.439999,45.09,44.32,44.990002000000004,40.010876,1689500,40.010876,1689500,1.2376305409007857,0.6698918278142717,39.12450533333328,40.028652
1023,1023,2017-01-25,45.189999,45.5,44.799999,45.009997999999996,40.028652,1662600,40.028652,1662600,-0.398320433687118,0.6592258969659711,39.73517999999995,39.41502
1024,1024,2017-01-26,45.040001000000004,45.639998999999996,44.27,44.32,39.41502,2705800,39.41502,2705800,-1.5985812256087726,1.0728578323171687,39.844862666666614,38.08992
1025,1025,2017-01-27,44.450001,44.450001,42.32,42.830002,38.08992,3299400,38.08992,3299400,-3.6445421002352734,1.308222016389706,39.818182666666615,38.863636
1026,1026,2017-01-30,42.759997999999996,43.790001000000004,42.619999,43.700001,38.863636,2223000,38.863636,2223000,2.1983233020731303,0.8814261812554757,39.17786399999995,39.326084
1027,1027,2017-01-31,43.02,44.34,42.400002,44.220001,39.326084,2829800,39.326084,2829800,2.789402603440261,1.122024205000785,38.789525333333295,38.970356
1028,1028,2017-02-01,44.549999,44.549999,43.369999,43.82,38.970356,2353700,38.970356,2353700,-1.638606097387341,0.9332491240760292,38.75987999999996,38.694668
1029,1029,2017-02-02,42.810001,44.139998999999996,42.5,43.509997999999996,38.694668,3914600,38.694668,3914600,1.6351249326062762,1.5521506653813248,39.05335866666663,39.041503999999996
1030,1030,2017-02-03,43.439999,46.09,43.029999,43.900002,39.041503999999996,4678600,39.041503999999996,4678600,1.0589387904912253,1.855078961593283,38.997035999999966,38.134388
1031,1031,2017-02-06,43.740002000000004,44.189999,42.580002,42.880001,38.134388,3016000,38.134388,3016000,-1.9661658908932012,1.195853064627312,38.90217599999996,38.045444
1032,1032,2017-02-07,43.18,43.73,42.650002,42.779999,38.045444,1972600,38.045444,1972600,-0.9263571097730504,0.7821418286750118,38.62351999999996,39.601784
1033,1033,2017-02-08,42.32,44.549999,42.32,44.529999,39.601784,5710300,39.601784,5710300,5.222114839319461,2.264151112381081,38.407111999999955,40.508896
1034,1034,2017-02-09,44.529999,46.389998999999996,44.529999,45.549999,40.508896,5420100,40.508896,5420100,2.290590664509117,2.149085940181198,38.593871999999955,40.01976
1035,1035,2017-02-10,45.779999,46.18,44.200001,45.0,40.01976,3121500,40.01976,3121500,-1.7037986392266995,1.237684131708937,39.38537466666662,39.450596000000004
1036,1036,2017-02-13,45.380001,45.470001,43.720001,44.360001000000004,39.450596000000004,3018400,39.450596000000004,3018400,-2.247686155846484,1.1968046718405432,40.04347999999995,40.411064
1037,1037,2017-02-14,44.310001,45.799999,44.310001,45.439999,40.411064,2551500,40.411064,2551500,2.5502098273480076,1.0116774185665074,39.99308399999995,41.015812
1038,1038,2017-02-15,45.66,46.470001,45.439999,46.119999,41.015812,4031900,41.015812,4031900,1.0074441524310191,1.5986604679280036,39.96047333333329,39.290516
1039,1039,2017-02-16,46.049999,46.189999,44.049999,44.18,39.290516,3284500,39.290516,3284500,-4.060801391114037,1.3023141216075618,40.29249066666662,40.633396000000005
1040,1040,2017-02-17,44.310001,45.970001,44.139998999999996,45.689999,40.633396000000005,4296100,40.633396000000005,4296100,3.114416539959005,1.7034165619845474,40.23913066666662,40.793476
1041,1041,2017-02-21,46.119999,46.650002,45.650002,45.869999,40.793476,3307000,40.793476,3307000,-0.5420641921523025,1.311235439231605,40.31324133333328,40.331028
1042,1042,2017-02-22,45.98,46.130001,44.77,45.349998,40.331028,2459500,40.331028,2459500,-1.370165289256193,0.9751991420593082,40.23912933333328,39.077071999999994
1043,1043,2017-02-23,44.860001000000004,45.049999,43.66,43.939999,39.077071999999994,5365000,39.077071999999994,5365000,-2.0508292008286038,2.12723862457743,40.58596666666662,41.31818
1044,1044,2017-02-24,44.970001,47.029999,44.0,46.459998999999996,41.31818,12959600,41.31818,12959600,3.313315470017429,5.138520350246722,40.06719199999995,42.680809
1045,1045,2017-02-27,46.32,48.16,46.130001,47.610001000000004,42.680809,7315500,42.680809,7315500,2.7849762521589025,2.9006177368306036,40.24209333333329,41.829166
1046,1046,2017-02-28,47.099998,47.540001000000004,46.080002,46.66,41.829166,4704500,41.829166,4704500,-0.9341783836169224,1.8653483894360707,41.025353666666625,40.87891
1047,1047,2017-03-01,46.869999,47.049999,44.700001,45.599998,40.87891,4672900,40.87891,4672900,-2.7096245510907746,1.8528188944618589,41.94271833333329,41.820206
1048,1048,2017-03-02,45.740002000000004,46.700001,45.389998999999996,46.650002,41.820206,4169400,41.820206,4169400,1.9895058159376482,1.653179631186046,41.79629499999995,41.551254
1049,1049,2017-03-03,46.740002000000004,46.900002,45.759997999999996,46.349998,41.551254,2254900,41.551254,2254900,-0.8344116031488501,0.8940746271313414,41.509427333333285,40.789265
1050,1050,2017-03-06,45.970001,46.060001,44.619999,45.5,40.789265,3978600,40.789265,3978600,-1.022408069993306,1.577526857734159,41.41678999999995,39.471462
1051,1051,2017-03-07,45.0,45.549999,43.98,44.029999,39.471462,3751000,39.471462,3751000,-2.1555577777777857,1.4872827736793923,41.38690833333329,40.475502
1052,1052,2017-03-08,44.139998999999996,45.529999,44.139998999999996,45.150002,40.475502,2671300,40.475502,2671300,2.2881808402397215,1.059178478626969,40.603993666666625,40.045196999999995
1053,1053,2017-03-09,45.049999,45.389998999999996,44.41,44.669998,40.045196999999995,2098300,40.045196999999995,2098300,-0.8435094526861144,0.8319822564680003,40.245409666666625,39.847977
1054,1054,2017-03-10,44.869999,45.099998,44.279999,44.450001,39.847977,2788900,39.847977,2788900,-0.9360330050375077,1.1058072320753018,39.997386999999954,39.085968
1055,1055,2017-03-13,44.400002,44.52,43.419998,43.599998,39.085968,2350000,39.085968,2350000,-1.8018107296481682,0.931782062955631,40.12289199999995,39.247345
1056,1056,2017-03-14,43.639998999999996,43.889998999999996,43.369999,43.779999,39.247345,1832500,39.247345,1832500,0.32080660680125267,0.7265917576026357,39.65971399999995,39.749367
1057,1057,2017-03-15,43.599998,44.549999,43.439999,44.34,39.749367,1776800,39.749367,1776800,1.6972523714336045,0.7045065401955597,39.39376333333328,39.722462
1058,1058,2017-03-16,44.07,44.830002,43.68,44.310001,39.722462,2343500,39.722462,2343500,0.5445904243249364,0.9292047934197963,39.36089333333329,39.372840999999994
1059,1059,2017-03-17,44.549999,44.66,43.66,43.919998,39.372840999999994,3367000,39.372840999999994,3367000,-1.4141436905531692,1.335025619562387,39.573057999999946,38.171581
1060,1060,2017-03-20,43.98,44.080002,42.450001,42.580002,38.171581,2651200,38.171581,2651200,-3.183260572987714,1.051208768216157,39.614889999999946,37.4813
1061,1061,2017-03-21,42.59,42.75,40.860001000000004,41.810001,37.4813,3212600,37.4813,3212600,-1.8314134773421076,1.2738055555111745,39.08896133333328,37.615768
1062,1062,2017-03-22,41.869999,42.049999,40.700001,41.959998999999996,37.615768,2650300,37.615768,2650300,0.2149510440637849,1.0508519155111953,38.341907333333275,37.302009999999996
1063,1063,2017-03-23,42.389998999999996,42.77,41.509997999999996,41.610001000000004,37.302009999999996,2713900,37.302009999999996,2713900,-1.8400519424404613,1.0760695066618242,37.75621633333328,37.606812
1064,1064,2017-03-24,41.549999,42.130001,41.18,41.950001,37.606812,2107900,37.606812,2107900,0.9627003841805162,0.8357886853209254,37.46635933333328,38.063999
1065,1065,2017-03-27,41.52,42.66,41.389998999999996,42.459998999999996,38.063999,2645700,38.063999,2645700,2.263966763005764,1.0490280016858353,37.508196666666606,39.068039
1066,1066,2017-03-28,42.119999,43.599998,42.119999,43.580002,39.068039,2897100,39.068039,2897100,3.4662940044229353,1.1487088572718123,37.657606999999935,41.165775
1067,1067,2017-03-29,43.5,45.990002000000004,43.310001,45.919998,41.165775,5004300,41.165775,5004300,5.563213793103448,1.9842199904888784,38.246283333333274,41.640910999999996
1068,1068,2017-03-30,45.59,46.5,45.41,46.450001,41.640910999999996,2180600,41.640910999999996,2180600,1.8863807852599186,0.864614453821723,39.43260433333327,41.748489
1069,1069,2017-03-31,46.400002,46.849998,46.290001000000004,46.57,41.748489,2645200,41.748489,2645200,0.36637498420797404,1.0488297501830788,40.62490833333327,41.667805
1070,1070,2017-04-03,46.57,47.029999,45.549999,46.48,41.667805,3085900,41.667805,3085900,-0.19325746188534124,1.2235686247126731,41.51839166666661,39.372840999999994
1071,1071,2017-04-04,46.09,46.09,43.82,43.919998,39.372840999999994,3867500,39.372840999999994,3867500,-4.708183987849867,1.5334753738216609,41.685734999999944,38.942543
1072,1072,2017-04-05,44.02,44.790001000000004,43.349998,43.439999,38.942543,2378800,38.942543,2378800,-1.3175851885506653,0.9432013495144064,40.92971166666661,40.090027
1073,1073,2017-04-06,43.919998,45.900002,43.849998,44.720001,40.090027,3545300,40.090027,3545300,1.8215005383197054,1.405722105445361,39.99439633333328,39.919693
1074,1074,2017-04-07,44.52,44.93,44.150002,44.529999,39.919693,1819500,39.919693,1819500,0.02245956873313888,0.7214372185309662,39.46847033333328,40.699622999999995
1075,1075,2017-04-10,44.720001,46.080002,44.720001,45.400002,40.699622999999995,1724700,40.699622999999995,1724700,1.520574652938843,0.6838487336083305,39.65075433333328,41.748489
1076,1076,2017-04-11,45.439999,46.580002,45.060001,46.57,41.748489,2324800,41.748489,2324800,2.486798030079182,0.9217901872167026,40.23644766666661,41.622982
1077,1077,2017-04-12,46.41,46.720001,45.790001000000004,46.43,41.622982,3405300,41.622982,3405300,0.0430941607412263,1.3502116846735364,40.78926833333329,41.748489
1078,1078,2017-04-13,46.400002,46.82,46.189999,46.57,41.748489,2770000,41.748489,2770000,0.36637498420797404,1.0983133252711055,41.35703133333329,41.327148
1079,1079,2017-04-17,46.240002000000004,46.740002000000004,45.68,46.099998,41.327148,2222000,41.327148,2222000,-0.30277680351312414,0.8810296782499626,41.70665333333329,41.309216
1080,1080,2017-04-18,46.029999,46.389998999999996,45.610001000000004,46.080002,41.309216,1530900,41.309216,1530900,0.1086313297551968,0.6070064511399045,41.56620633333329,41.712627000000005
1081,1081,2017-04-19,46.369999,47.41,46.369999,46.529999,41.712627000000005,2285300,41.712627000000005,2285300,0.3450506867597659,0.9061283184989377,41.46161766666662,42.913895000000004
1082,1082,2017-04-20,46.93,48.419998,46.93,47.869999,42.913895000000004,3037200,42.913895000000004,3037200,2.0029810355849142,1.2042589283441882,41.449663666666616,42.689777
1083,1083,2017-04-21,47.73,47.98,47.200001,47.619999,42.689777,1944100,42.689777,1944100,-0.2304651162790633,0.7708414930178903,41.97857933333328,42.340153
1084,1084,2017-04-24,48.23,48.259997999999996,46.82,47.23,42.340153,1904800,42.340153,1904800,-2.073398299813394,0.755258924901228,42.438766333333284,42.268429
1085,1085,2017-04-25,47.5,47.77,46.799999,47.150002,42.268429,1689200,42.268429,1689200,-0.7368378947368408,0.6697728769126179,42.64794166666661,42.743565000000004
1086,1086,2017-04-26,47.299999,48.099998,47.07,47.68,42.743565000000004,1825300,42.743565000000004,1825300,0.8033847949975645,0.7237369359629419,42.432786333333276,43.29937
1087,1087,2017-04-27,47.669998,48.360001000000004,47.23,48.299999,43.29937,1968700,43.29937,1968700,1.321588056286472,0.780595466953511,42.45071566666661,43.272488
1088,1088,2017-04-28,47.799999,48.450001,47.52,48.27,43.272488,2518300,43.272488,2518300,0.9832657109469887,0.9985135187834747,42.770454666666616,42.447731
1089,1089,2017-05-01,48.310001,48.549999,47.349998,47.349998,42.447731,1742600,42.447731,1742600,-1.9871723869349545,0.6909461374070138,43.10514099999995,43.604168
1090,1090,2017-05-02,47.490002000000004,48.830002,47.290001000000004,48.639998999999996,43.604168,2038300,43.604168,2038300,2.4215560150955393,0.8081920761372182,43.00652966666663,44.500633
1091,1091,2017-05-03,48.599998,49.759997999999996,48.360001000000004,49.639998999999996,44.500633,3113100,44.500633,3113100,2.1399198411489575,1.2343535064626276,43.10812899999996,44.052399
1092,1092,2017-05-04,49.790001000000004,50.220001,49.099998,49.139998999999996,44.052399,2999000,44.052399,2999000,-1.305487019371636,1.1891125135335905,43.517510666666624,43.93586
1093,1093,2017-05-05,49.32,49.5,48.709998999999996,49.009997999999996,43.93586,2026600,43.93586,2026600,-0.6285523114355319,0.8035529909727157,44.052399999999956,43.657959000000005
1094,1094,2017-05-08,49.34,49.669998,48.68,48.700001,43.657959000000005,1706200,43.657959000000005,1706200,-1.297119983785981,0.6765134280063394,44.16296399999995,44.240662
1095,1095,2017-05-09,48.939999,49.41,48.630001,49.349998,44.240662,1985200,44.240662,1985200,0.8377584968892196,0.7871377665444761,43.88207266666662,44.832329
1096,1096,2017-05-10,48.990002000000004,50.040001000000004,48.700001,50.009997999999996,44.832329,2498300,44.832329,2498300,2.0820493128373254,0.9905834586732141,43.94482699999995,41.425751
1097,1097,2017-05-11,48.5,48.77,45.799999,46.209998999999996,41.425751,11157100,41.425751,11157100,-4.72165154639176,4.423823682809477,44.243649999999946,36.934452
1098,1098,2017-05-12,43.57,43.59,41.0,41.200001,36.934452,18905300,36.934452,18905300,-5.439520312141381,7.496008270125571,43.49958066666661,37.11375
1099,1099,2017-05-15,41.360001000000004,42.580002,41.23,41.400002,37.11375,5182900,37.11375,5182900,0.09671421429606981,2.0550354272735065,41.06417733333327,36.432442
1100,1100,2017-05-16,41.110001000000004,41.110001000000004,40.279999,40.639998999999996,36.432442,4629100,36.432442,4629100,-1.1432789797305234,1.8354520628203879,38.4913176666666,36.584831
1101,1101,2017-05-17,40.639998999999996,41.540001000000004,40.639998999999996,40.810001,36.584831,3414700,36.584831,3414700,0.4183120181671357,1.353938812925359,36.82688133333327,36.450359000000006
1102,1102,2017-05-18,41.060001,41.490002000000004,40.470001,40.66,36.450359000000006,1933300,36.450359000000006,1933300,-0.9741865325332144,0.7665592605583496,36.71034099999994,36.548977
1103,1103,2017-05-19,41.23,41.23,39.529999,40.77,36.548977,2771800,36.548977,2771800,-1.1156924569488085,1.099027030681029,36.489210666666615,37.687492
1104,1104,2017-05-22,40.98,42.259997999999996,40.790001000000004,42.040001000000004,37.687492,2498200,37.687492,2498200,2.5866300634456,0.9905438083726628,36.52805566666661,37.248219
1105,1105,2017-05-23,42.119999,42.139998999999996,41.220001,41.549999,37.248219,1829700,37.248219,1829700,-1.353276385405423,0.7254815491871992,36.895609333333276,37.347716999999996
1106,1106,2017-05-24,41.360001000000004,41.43,40.68,41.290001000000004,37.347716999999996,1793500,37.347716999999996,1793500,-0.16924564387704025,0.7111281403876273,37.161562666666605,37.809025
1107,1107,2017-05-25,41.889998999999996,42.470001,41.669998,41.799999,37.809025,1672900,37.809025,1672900,-0.21484841763781448,0.6633098779227554,37.42780933333327,38.415051
1108,1108,2017-05-26,41.98,42.540001000000004,41.630001,42.470001,38.415051,2291400,38.415051,2291400,1.167224868985247,0.9085469868325672,37.468320333333274,38.387913
1109,1109,2017-05-30,42.540001000000004,42.700001,42.25,42.439999,38.387913,1657800,38.387913,1657800,-0.2350775685219271,0.6573226825395085,37.85726433333327,37.809025
1110,1110,2017-05-31,42.369999,42.369999,41.130001,41.799999,37.809025,3167000,37.809025,3167000,-1.3452915115716673,1.2557250184597801,38.20399633333327,38.785908
1111,1111,2017-06-01,41.919998,42.939999,41.709998999999996,42.880001,38.785908,2178800,38.785908,2178800,2.2900836016261272,0.8639007484117995,38.20399633333327,38.415051
1112,1112,2017-06-02,42.939999,43.23,42.209998999999996,42.470001,38.415051,1485700,38.415051,1485700,-1.0945459034593754,0.5890845152907154,38.32761533333328,37.673344
1113,1113,2017-06-05,42.23,42.34,41.470001,41.650002,37.673344,2197600,37.673344,2197600,-1.373426474070557,0.8713550049154446,38.336661333333275,36.307514000000005
1114,1114,2017-06-06,41.509997999999996,41.66,39.720001,40.139998999999996,36.307514000000005,4561500,36.307514000000005,4561500,-3.300407289829308,1.8086484596477068,38.291434333333285,36.615051
1115,1115,2017-06-07,40.23,40.619999,39.869999,40.48,36.615051,2509800,36.615051,2509800,0.6214267959234403,0.995143243236614,37.46530299999995,40.36882
1116,1116,2017-06-08,40.48,47.900002,40.48,44.630001,40.36882,23161900,40.36882,23161900,10.25197875494072,9.183762963392354,36.86530299999995,42.657269
1117,1117,2017-06-09,44.110001000000004,48.049999,43.400002,47.16,42.657269,10744600,42.657269,10744600,6.9145294283715675,4.26026619303535,37.763794999999945,42.033138
1118,1118,2017-06-12,47.060001,48.330002,46.389998999999996,46.470001,42.033138,3799600,42.033138,3799600,-1.2537186303927115,1.506552819747326,39.880379999999946,41.95174
1119,1119,2017-06-13,46.43,47.150002,46.110001000000004,46.380001,41.95174,2082600,41.95174,2082600,-0.10768684040490994,0.8257571592814456,41.68640899999995,42.801975
1120,1120,2017-06-14,46.41,47.380001,45.540001000000004,47.32,42.801975,2119900,42.801975,2119900,1.960784313725498,0.8405467213870818,42.21404899999995,42.512535
1121,1121,2017-06-15,47.27,48.23,46.91,47.0,42.512535,2771500,42.512535,2771500,-0.5711867992384242,1.098908079779375,42.262284333333284,42.964802
1122,1122,2017-06-16,46.25,47.509997999999996,45.709998999999996,47.5,42.964802,3442200,42.964802,3442200,2.7027027027027026,1.3648426455769673,42.42208333333328,43.471333
1123,1123,2017-06-19,47.560001,48.299999,46.779999,48.060001,43.471333,2223600,43.471333,2223600,1.0513035943796554,0.8816640830587835,42.75977066666661,41.752739
1124,1124,2017-06-20,48.029999,48.029999,46.09,46.16,41.752739,2737000,41.752739,2737000,-3.8933979573890896,1.0852287260891753,42.98288999999995,41.680378000000005
1125,1125,2017-06-21,45.93,46.27,45.0,46.080002,41.680378000000005,2126900,41.680378000000005,2126900,0.3265882865229711,0.843322242425673,42.72962466666661,42.946705
1126,1126,2017-06-22,45.860001000000004,47.84,45.73,47.48,42.946705,3747500,42.946705,3747500,3.532487929950095,1.4858950131600968,42.30148333333329,43.417057
1127,1127,2017-06-23,47.48,48.040001000000004,46.93,48.0,43.417057,3205400,43.417057,3205400,1.095197978096047,1.2709507338714807,42.12660733333329,43.236149
1128,1128,2017-06-26,48.02,48.299999,47.48,47.799999,43.236149,1549600,43.236149,1549600,-0.45814452311537573,0.6144210573429982,42.68137999999996,43.118567999999996
1129,1129,2017-06-27,47.939999,48.43,47.639998999999996,47.669998,43.118567999999996,1567200,43.118567999999996,1567200,-0.563206102695164,0.6213995102400276,43.19997033333328,43.127613000000004
1130,1130,2017-06-28,48.080002,48.23,47.290001000000004,47.68,43.127613000000004,1690300,43.127613000000004,1690300,-0.8319508805344905,0.6702090302186822,43.25725799999994,43.019073
1131,1131,2017-06-29,47.790001000000004,48.07,47.09,47.560001,43.019073,1760800,43.019073,1760800,-0.48127222261410696,0.6981624921073512,43.16077666666661,43.263287
1132,1132,2017-06-30,47.860001000000004,48.110001000000004,47.310001,47.830002,43.263287,1398800,43.263287,1398800,-0.06268073416881806,0.5546284041116326,43.08841799999993,43.787914
1133,1133,2017-07-03,48.080002,48.880001,47.970001,48.41,43.787914,912300,43.787914,912300,0.6863518849271184,0.36172969192954135,43.1366576666666,43.525604
1134,1134,2017-07-05,48.299999,48.950001,48.0,48.119999,43.525604,1748900,43.525604,1748900,-0.37267081516916745,0.693444106341746,43.356757999999935,42.856255
1135,1135,2017-07-06,47.919998,48.09,47.18,47.380001,42.856255,1241200,42.856255,1241200,-1.126871916814353,0.4921395304427784,43.5256016666666,43.000984
1136,1136,2017-07-07,47.470001,47.98,47.080002,47.540001000000004,43.000984,1118800,43.000984,1118800,0.14746155155968985,0.44360756256798295,43.389924333333276,41.807007
1137,1137,2017-07-10,47.259997999999996,47.259997999999996,45.990002000000004,46.220001,41.807007,2258900,41.807007,2258900,-2.2005862124666034,0.8956606391533936,43.12761433333327,42.015053
1138,1138,2017-07-11,46.240002000000004,46.799999,46.060001,46.450001,42.015053,1207800,42.015053,1207800,0.4541500668620132,0.478896330058643,42.554748666666605,42.159779
1139,1139,2017-07-12,46.5,46.900002,46.169998,46.610001000000004,42.159779,1273700,42.159779,1273700,0.23656129032258924,0.505025878121952,42.27434799999994,42.811039
1140,1140,2017-07-13,46.900002,48.209998999999996,46.889998999999996,47.330002,42.811039,2511500,42.811039,2511500,0.9168443105823315,0.9958172983459861,41.99394633333328,42.376858
1141,1141,2017-07-14,47.360001000000004,47.450001,46.529999,46.849998,42.376858,1343500,42.376858,1343500,-1.0768644198297306,0.5327017879067618,42.32862366666661,42.883392
1142,1142,2017-07-17,46.860001000000004,47.860001000000004,46.82,47.41,42.883392,1101000,42.883392,1101000,1.1737067611244663,0.43654980906985097,42.44922533333328,41.852242
1143,1143,2017-07-18,47.139998999999996,47.470001,45.970001,46.27,41.852242,1709100,41.852242,1709100,-1.8455643157735173,0.6776632867223272,42.6904296666666,42.458259999999996
1144,1144,2017-07-19,46.439999,47.099998,46.23,46.939999,42.458259999999996,1114500,42.458259999999996,1114500,1.0766580765860911,0.4419025996442769,42.3708306666666,42.602985
1145,1145,2017-07-20,47.09,47.32,46.419998,47.099998,42.602985,762400,42.602985,762400,0.021231684009335217,0.3022938914031375,42.3979646666666,42.910522
1146,1146,2017-07-21,47.110001000000004,47.459998999999996,46.630001,47.439999,42.910522,781900,42.910522,781900,0.7004839588095024,0.31002570001064167,42.3044956666666,42.422077
1147,1147,2017-07-24,47.25,47.380001,46.799999,46.900002,42.422077,993200,42.422077,993200,-0.7407365079365066,0.39380678507554584,42.6572556666666,43.498466
1148,1148,2017-07-25,47.169998,48.689999,47.080002,48.09,43.498466,2062700,43.498466,2062700,1.950396521110736,0.8178667494717362,42.645194666666605,43.290428000000006
1149,1149,2017-07-26,48.23,48.23,47.459998999999996,47.860001000000004,43.290428000000006,1005000,43.290428000000006,1005000,-0.7671552975326412,0.39848552054059966,42.94368833333328,44.294441
1150,1150,2017-07-27,47.82,50.32,47.529999,48.970001,44.294441,3965700,44.294441,3965700,2.4048536177331727,1.572411968963041,43.0703236666666,43.923595
1151,1151,2017-07-28,49.200001,49.279999,47.900002,48.560001,43.923595,2152600,43.923595,2152600,-1.3008129816907943,0.853512369667358,43.69444499999994,43.932635999999995
1152,1152,2017-07-31,48.970001,48.98,48.009997999999996,48.57,43.932635999999995,1205500,43.932635999999995,1205500,-0.8168286539344835,0.47798437314596304,43.8361546666666,44.267319
1153,1153,2017-08-01,48.549999,49.009997999999996,47.959998999999996,48.939999,44.267319,926300,44.267319,926300,0.8032955881214345,0.36728073400672384,44.050223999999936,42.051235
1154,1154,2017-08-02,46.880001,47.669998,46.240002000000004,46.490002000000004,42.051235,3700200,42.051235,3700200,-0.8319091119473228,1.4671404209993302,44.041183333333265,42.376858
1155,1155,2017-08-03,46.369999,47.82,46.349998,46.849998,42.376858,2828100,42.376858,2828100,1.0351499037125262,1.121350149891413,43.41706333333326,42.340678999999994
1156,1156,2017-08-04,46.970001,47.330002,46.470001,46.810001,42.340678999999994,2088800,42.340678999999994,2088800,-0.3406429563414395,0.8282154779156264,42.89847066666659,42.95575
1157,1157,2017-08-07,47.099998,47.869999,46.860001000000004,47.490002000000004,42.95575,1731600,42.95575,1731600,0.828034005436698,0.6865846043463705,42.25625733333326,42.883392
1158,1158,2017-08-08,48.75,48.860001000000004,47.360001000000004,47.41,42.883392,1530300,42.883392,1530300,-2.748717948717956,0.6067685493365966,42.557762333333265,42.403991999999995
1159,1159,2017-08-09,47.0,47.209998999999996,46.330002,46.880001,42.403991999999995,1839400,42.403991999999995,1839400,-0.25531702127659567,0.7293276283406757,42.72660699999994,40.585899
1160,1160,2017-08-10,46.099998,46.689999,44.549999,44.869999,40.585899,5472300,40.585899,5472300,-2.6681107448204218,2.1697833970689784,42.747711333333264,40.613037
1161,1161,2017-08-11,44.349998,46.0,43.740002000000004,44.900002,40.613037,6548300,40.613037,6548300,1.2401443625769752,2.5964206310010036,41.95776099999994,41.029114
1162,1162,2017-08-14,45.41,45.869999,44.959998999999996,45.360001000000004,41.029114,2255400,41.029114,2255400,-0.11010570358950139,0.894272878634098,41.20097599999993,40.395953999999996
1163,1163,2017-08-15,45.07,45.130001,44.32,44.66,40.395953999999996,1830300,40.395953999999996,1830300,-0.9096960284002744,0.725719450990507,40.742683333333275,40.323597
1164,1164,2017-08-16,45.02,45.59,44.439999,44.580002,40.323597,1170200,40.323597,1170200,-0.977338960462023,0.46398781705135295,40.67936833333327,40.196957
1165,1165,2017-08-17,44.259997999999996,44.700001,43.810001,44.439999,40.196957,1290700,40.196957,1290700,0.40669003193358555,0.5117664292156736,40.58288833333327,40.097462
1166,1166,2017-08-18,44.259997999999996,44.73,44.060001,44.330002,40.097462,1284900,40.097462,1284900,0.1581653935004796,0.509466711783698,40.305502666666605,39.590923
1167,1167,2017-08-21,44.290001000000004,44.540001000000004,43.669998,43.77,39.590923,1661300,39.590923,1661300,-1.1740821590859765,0.6587104430588042,40.20600533333328,40.269318
1168,1168,2017-08-22,44.080002,44.669998,43.919998,44.52,40.269318,908900,40.269318,908900,0.9981805354727588,0.36038158171079704,39.96178066666661,40.341682
1169,1169,2017-08-23,44.169998,44.779999,43.98,44.599998,40.341682,1005300,40.341682,1005300,0.9735114771795998,0.3986044714422536,39.98590099999995,39.967731
1170,1170,2017-08-24,45.209998999999996,45.419998,43.709998999999996,43.82,39.967731,1771100,39.967731,1771100,-3.074538886851106,0.7022464730641353,40.06730766666661,41.354107
1171,1171,2017-08-25,43.889998999999996,46.02,43.889998999999996,45.34,41.354107,1878700,41.354107,1878700,3.3037161837256077,0.7449101964573379,40.192910333333266,41.098717
1172,1172,2017-08-28,45.400002,45.400002,44.470001,45.060001,41.098717,1408100,41.098717,1408100,-0.7489008480660438,0.5583158820629038,40.554506666666605,40.624428
1173,1173,2017-08-29,44.52,44.889998999999996,44.16,44.540001000000004,40.624428,1316800,40.624428,1316800,0.044925876010783024,0.5221151576595638,40.8068516666666,40.396412
1174,1174,2017-08-30,44.529999,45.09,44.23,44.290001000000004,40.396412,1459900,40.396412,1459900,-0.5389580179420009,0.5788547377484791,41.0257506666666,40.697399
1175,1175,2017-08-31,44.290001000000004,45.060001,44.23,44.619999,40.697399,1460300,40.697399,1460300,0.7450846524026862,0.5790133389506843,40.706518999999936,42.357399
1176,1176,2017-09-01,44.860001000000004,46.599998,44.700001,46.439999,42.357399,1863400,42.357399,1863400,3.52206412122014,0.7388437004729884,40.57274633333327,42.1385
1177,1177,2017-09-05,46.369999,46.799999,45.93,46.200001,42.1385,1734700,42.1385,1734700,-0.36661204154867383,0.6878137636634609,41.150403333333266,42.612784999999995
1178,1178,2017-09-06,46.48,46.950001,46.299999,46.720001,42.612784999999995,1496600,42.612784999999995,1496600,0.5163532702237663,0.5934063980508074,41.73109933333327,42.147621
1179,1179,2017-09-07,46.900002,47.0,45.849998,46.209998999999996,42.147621,1110100,42.147621,1110100,-1.4712216856621976,0.4401579864200196,42.36956133333327,42.047287
1180,1180,2017-09-08,46.220001,46.290001000000004,45.419998,46.099998,42.047287,1123800,42.047287,1123800,-0.2596343518036792,0.44559007759554814,42.29963533333328,40.788605
1181,1181,2017-09-11,45.130001,45.959998999999996,43.59,44.720001,40.788605,5102100,40.788605,5102100,-0.9084865741527384,2.022997984428053,42.26923099999994,41.089596
1182,1182,2017-09-12,44.889998999999996,45.970001,44.66,45.049999,41.089596,4947200,41.089596,4947200,0.35642682905830253,1.961579668874084,41.66117099999994,43.543114
1183,1183,2017-09-13,47.900002,48.110001000000004,46.939999,47.740002000000004,43.543114,9565300,43.543114,9565300,-0.3340292136104641,3.7926701986338287,41.30849599999994,42.631027
1184,1184,2017-09-14,47.700001,47.720001,46.360001000000004,46.740002000000004,42.631027,3298200,42.631027,3298200,-2.012576477723756,1.3077462127830903,41.807104999999936,42.631027
1185,1185,2017-09-15,46.66,47.290001000000004,46.509997999999996,46.740002000000004,42.631027,3005100,42.631027,3005100,0.17145735105016602,1.1915311818672198,42.42124566666661,42.539814
1186,1186,2017-09-18,46.759997999999996,47.18,46.610001000000004,46.639998999999996,42.539814,1550300,42.539814,1550300,-0.2566274703433477,0.6146986094468574,42.935055999999946,42.156742
1187,1187,2017-09-19,46.849998,47.080002,46.209998999999996,46.220001,42.156742,1803900,42.156742,1803900,-1.3447108364871134,0.7152517716449629,42.60062266666662,42.156742
1188,1188,2017-09-20,46.099998,46.279999,45.830002,46.220001,42.156742,1492500,42.156742,1492500,0.260310206521059,0.591780735728204,42.442527666666614,42.211467999999996
1189,1189,2017-09-21,46.299999,46.459998999999996,45.860001000000004,46.279999,42.211467999999996,1108700,42.211467999999996,1108700,-0.043196545209435375,0.4396028822123013,42.28443266666661,42.758717
1190,1190,2017-09-22,46.419998,46.939999,46.32,46.880001,42.758717,1552700,42.758717,1552700,0.9909586812132141,0.6156502166600887,42.174983999999945,43.16003
1191,1191,2017-09-25,46.68,47.759997999999996,46.57,47.32,43.16003,1545000,43.16003,1545000,1.371036846615254,0.6125971435176383,42.375642333333275,43.35157
1192,1192,2017-09-26,47.459998999999996,47.709998999999996,47.049999,47.529999,43.35157,1601000,43.35157,1601000,0.1474926284764572,0.6348013118263682,42.71007166666661,43.269482
1193,1193,2017-09-27,47.549999,47.810001,46.939999,47.439999,43.269482,1344800,43.269482,1344800,-0.23133544124785246,0.5332172418139288,43.09010566666661,43.233009
1194,1194,2017-09-28,47.509997999999996,47.720001,47.18,47.400002,43.233009,1663200,43.233009,1663200,-0.23152179463361652,0.659463798769279,43.26036066666662,43.004978
1195,1195,2017-09-29,47.529999,47.599998,47.049999,47.150002,43.004978,1455300,43.004978,1455300,-0.7994887607718989,0.5770308239231191,43.284686999999956,40.296085
1196,1196,2017-10-02,45.040001000000004,45.040001000000004,43.5,44.18,40.296085,7689700,40.296085,7689700,-1.90941603220658,3.0489891614935813,43.169156333333284,40.31432
1197,1197,2017-10-03,44.0,44.310001,43.299999,44.200001,40.31432,4014400,40.31432,4014400,0.454547727272728,1.5917216653315256,42.178023999999944,40.359921
1198,1198,2017-10-04,44.349998,44.450001,43.799999,44.25,40.359921,3490800,40.359921,3490800,-0.22547464376435677,1.3841126916449007,41.20512766666661,40.86158
1199,1199,2017-10-05,44.259997999999996,44.970001,43.900002,44.799999,40.86158,2171100,40.86158,2171100,1.2200655770477074,0.8608476752693491,40.32344199999994,40.41465
1200,1200,2017-10-06,44.630001,44.93,44.150002,44.310001,40.41465,1391000,40.41465,1391000,-0.7170064818058155,0.551535680668631,40.51194033333328,39.712340999999995
1201,1201,2017-10-09,44.439999,44.669998,43.220001,43.540001000000004,39.712340999999995,1266200,39.712340999999995,1266200,-2.0251980653734862,0.5020521055806042,40.5453836666666,39.56641
1202,1202,2017-10-10,43.59,43.970001,43.23,43.380001,39.56641,1323700,39.56641,1323700,-0.4817595778848437,0.5248510283976038,40.329523666666596,39.146846999999994
1203,1203,2017-10-11,43.400002,43.509997999999996,42.700001,42.919998,39.146846999999994,2257400,39.146846999999994,2257400,-1.1059999490322627,0.895065884645124,39.897800333333265,38.845856
1204,1204,2017-10-12,42.709998999999996,42.799999,42.119999,42.59,38.845856,2938800,38.845856,2938800,-0.2809623104884476,1.1652430326017058,39.47519933333327,38.900589000000004
1205,1205,2017-10-13,42.48,42.880001,42.169998,42.650002,38.900589000000004,1424300,38.900589000000004,1424300,0.4001930320150748,0.564739230752215,39.18637099999994,36.848392
1206,1206,2017-10-16,40.540001000000004,41.400002,39.630001,40.400002,36.848392,10612600,36.848392,10612600,-0.3453354626212345,4.207927796307629,38.96443066666661,37.806076000000004
1207,1207,2017-10-17,40.34,41.470001,40.099998,41.450001,37.806076000000004,3992900,37.806076000000004,3992900,2.7516137828458027,1.5831968507129954,38.19827899999994,38.316845
1208,1208,2017-10-18,41.450001,42.5,41.380001,42.009997999999996,38.316845,3961900,38.316845,3961900,1.3510180614953318,1.5709052575420912,37.85168566666661,38.061459
1209,1209,2017-10-19,41.759997999999996,42.25,41.57,41.73,38.061459,1123100,38.061459,1123100,-0.07183429462807706,0.44531252549168904,37.65710433333328,38.444546
1210,1210,2017-10-20,41.990002000000004,42.189999,41.700001,42.150002,38.444546,1777600,38.444546,1777600,0.3810430873520715,0.70482374259997,38.061459999999954,38.097946
1211,1211,2017-10-23,42.150002,42.560001,41.740002000000004,41.77,38.097946,1350400,38.097946,1350400,-0.901546813686978,0.5354376586448018,38.27428333333329,37.952011
1212,1212,2017-10-24,41.84,42.09,41.459998999999996,41.610001000000004,37.952011,1461700,37.952011,1461700,-0.5497108030592719,0.5795684431584025,38.20131699999995,37.86993
1213,1213,2017-10-25,41.599998,41.669998,41.049999,41.52,37.86993,2209300,37.86993,2209300,-0.192302893860707,0.8759940900799471,38.16483433333328,38.499264000000004
1214,1214,2017-10-26,41.669998,42.689999,41.349998,42.209998999999996,38.499264000000004,2793700,38.499264000000004,2793700,1.29589879029991,1.1077104465017644,37.973295666666615,37.368275
1215,1215,2017-10-27,41.369999,41.57,40.619999,40.970001,37.368275,2331500,37.368275,2331500,-0.9668794045656045,0.9244467573536399,38.10706833333328,36.483551
1216,1216,2017-10-30,40.75,40.880001,39.66,40.0,36.483551,3011000,36.483551,3011000,-1.8404907975460123,1.1938705495997468,37.91248966666661,36.164318
1217,1217,2017-10-31,39.950001,40.240002000000004,39.360001000000004,39.650002,36.164318,2143300,36.164318,2143300,-0.7509361514158652,0.8498248917160868,37.45036333333328,36.428822
1218,1218,2017-11-01,39.77,40.5,39.57,39.939999,36.428822,1891200,36.428822,1891200,0.4274553683681094,0.7498664840262508,36.67204799999994,35.89069
1219,1219,2017-11-02,40.099998,40.419998,39.279999,39.349998,35.89069,1886000,35.89069,1886000,-1.8703242828091913,0.747804668397583,36.35889699999994,35.115417
1220,1220,2017-11-03,39.200001,39.41,38.43,38.5,35.115417,1642100,35.115417,1642100,-1.785716791180695,0.6510975853529539,36.1612766666666,35.808594
1221,1221,2017-11-06,38.5,39.360001000000004,38.16,39.259997999999996,35.808594,2701400,35.808594,2701400,1.9740207792207687,1.0711132190929114,35.81164299999994,34.94212
1222,1222,2017-11-07,39.119999,39.16,38.139998999999996,38.310001,34.94212,2364900,34.94212,2364900,-2.070547087692922,0.9376899577377752,35.60490033333327,34.932995
1223,1223,2017-11-08,38.130001,38.66,37.790001000000004,38.299999,34.932995,1866200,34.932995,1866200,0.4458379112027813,0.7399539088884249,35.28871033333328,36.510909999999996
1224,1224,2017-11-09,38.849998,40.799999,38.389998999999996,40.029999,36.510909999999996,6859600,36.510909999999996,6859600,3.037325767687291,2.719852016617211,35.22790299999994,36.510909999999996
1225,1225,2017-11-10,39.41,40.5,38.400002,40.029999,36.510909999999996,7114800,36.510909999999996,7114800,1.5732022329358033,2.8210395836241378,35.46200833333327,35.316071
1226,1226,2017-11-13,39.709998999999996,40.189999,38.470001,38.720001,35.316071,2871400,35.316071,2871400,-2.493069818510932,1.1385187300301272,35.98493833333327,35.717392
1227,1227,2017-11-14,38.419998,39.369999,38.419998,39.16,35.717392,1968900,35.717392,1968900,1.9260854724667007,0.7806747675546136,36.11263033333327,35.744751
1228,1228,2017-11-15,38.799999,39.77,38.560001,39.189999,35.744751,2158700,35.744751,2158700,1.0051546650813072,0.8559310380009876,35.84812433333327,36.456184
1229,1229,2017-11-16,39.560001,40.5,39.029999,39.970001,36.456184,2033600,36.456184,2033600,1.036400378250758,0.806328512011307,35.59273799999994,37.267944
1230,1230,2017-11-17,40.860001000000004,41.220001,40.32,40.860001000000004,37.267944,2346800,37.267944,2346800,0.0,0.9305132533379893,35.972775666666614,37.796959
1231,1231,2017-11-20,40.91,41.470001,40.369999,41.439999,37.796959,1899700,37.796959,1899700,1.2955243216817494,0.7532367595731116,36.489626333333284,37.669266
1232,1232,2017-11-21,41.369999,41.459998999999996,40.41,41.299999,37.669266,1458800,37.669266,1458800,-0.16920474182269205,0.5784185844424147,37.17369566666662,37.541573
1233,1233,2017-11-22,41.27,41.880001,41.049999,41.16,37.541573,1607700,37.541573,1607700,-0.26653743639449123,0.6374578819633056,37.57805633333328,37.698029
1234,1234,2017-11-24,41.23,41.48,40.709998999999996,40.959998999999996,37.698029,974200,37.698029,974200,-0.6548653892796522,0.3862732279707982,37.66926599999994,38.047768
1235,1235,2017-11-27,41.080002,41.900002,40.610001000000004,41.34,38.047768,2857400,38.047768,2857400,0.6329064930425345,1.1329676879529447,37.63628933333327,39.271854
1236,1236,2017-11-28,41.389998999999996,42.720001,41.110001000000004,42.669998,39.271854,2103500,39.271854,2103500,3.0925320872803206,0.834044072096668,37.762456666666615,42.115772
1237,1237,2017-11-29,42.869999,46.349998,42.779999,45.759997999999996,42.115772,7680400,42.115772,7680400,6.741308764667794,3.04530168354231,38.33921699999994,41.830463
1238,1238,2017-11-30,45.610001000000004,46.959998999999996,45.150002,45.450001,41.830463,4559300,41.830463,4559300,-0.350800255408904,1.807776153035578,39.811797999999946,41.876476000000004
1239,1239,2017-12-01,45.380001,45.939999,44.400002,45.5,41.876476000000004,2450200,41.876476000000004,2450200,0.2644314617798267,0.9715116641080371,41.07269633333328,43.496311
1240,1240,2017-12-04,46.139998999999996,47.849998,46.130001,47.259997999999996,43.496311,3982500,43.496311,3982500,2.4273927704246376,1.5790732194556598,41.94090366666662,42.474712
1241,1241,2017-12-05,47.189999,47.189999,45.619999,46.150002,42.474712,2109500,42.474712,2109500,-2.2038504387338507,0.8364230901297462,42.40108333333328,41.710815000000004
1242,1242,2017-12-06,46.200001,46.549999,45.110001000000004,45.32,41.710815000000004,2354900,41.710815000000004,2354900,-1.9047640280354106,0.9337249276826449,42.61583299999995,41.397888
1243,1243,2017-12-07,45.810001,46.009997999999996,44.689999,44.98,41.397888,2123800,41.397888,2123800,-1.8118336212217128,0.8420930831085827,42.56061266666662,42.134178000000006
1244,1244,2017-12-08,45.02,45.830002,44.68,45.779999,42.134178000000006,1483400,42.134178000000006,1483400,1.6881363838293946,0.5881725583780354,41.86113833333329,42.189403999999996
1245,1245,2017-12-11,45.959998999999996,46.110001000000004,45.369999,45.84,42.189403999999996,1684000,42.189403999999996,1684000,-0.26109443561996787,0.6677110612839501,41.74762699999995,42.09737
1246,1246,2017-12-12,45.080002,46.389998999999996,45.080002,45.740002000000004,42.09737,1653200,42.09737,1653200,1.4640638214701136,0.6554987687141486,41.90715666666662,42.585159000000004
1247,1247,2017-12-13,45.889998999999996,46.490002000000004,45.560001,46.27,42.585159000000004,1384000,42.585159000000004,1384000,0.8280693141876233,0.5487601596300398,42.140317333333286,41.379482
1248,1248,2017-12-14,46.25,46.84,44.860001000000004,44.959998999999996,41.379482,1718500,41.379482,1718500,-2.7891913513513593,0.6813904149741498,42.29064433333328,41.867275
1249,1249,2017-12-15,45.32,46.040001000000004,45.16,45.490002000000004,41.867275,2854200,41.867275,2854200,0.375114739629311,1.131698878335303,42.02067033333329,42.916484999999994
1250,1250,2017-12-18,45.740002000000004,46.82,45.619999,46.630001,42.916484999999994,1741300,42.916484999999994,1741300,1.945778227119439,0.6904306834998469,41.94397199999996,42.806046
1251,1251,2017-12-19,46.810001,46.990002000000004,45.990002000000004,46.509997999999996,42.806046,1323100,42.806046,1323100,-0.640895094191525,0.5246131265942959,42.05441399999996,43.109759999999994
1252,1252,2017-12-20,46.810001,47.130001,46.310001,46.84,43.109759999999994,1816100,43.109759999999994,1816100,0.06408673223485652,0.720089108312222,42.5299353333333,43.717201
1253,1253,2017-12-21,46.84,47.68,46.75,47.5,43.717201,1232500,43.717201,1232500,1.409052092228857,0.488689954294815,42.944096999999964,43.754017
1254,1254,2017-12-22,47.52,47.75,47.27,47.540001000000004,43.754017,1715500,43.754017,1715500,0.04208964646464773,0.6802009059576106,43.21100233333329,44.609955
1255,1255,2017-12-26,47.599998,49.09,47.59,48.470001,44.609955,1585600,44.609955,1585600,1.8277374717536838,0.6286951655414674,43.52699266666662,44.112953000000005
1256,1256,2017-12-27,48.240002000000004,48.490002000000004,47.689999,47.93,44.112953000000005,2055300,44.112953000000005,2055300,-0.6426243514666611,0.8149326272309397,44.02705766666662,43.91048
1257,1257,2017-12-28,47.919998,47.919998,47.189999,47.709998999999996,43.91048,1271000,43.91048,1271000,-0.4382283154519401,0.5039553200070668,44.15897499999996,43.606753999999995
1258,1258,2017-12-29,47.779999,48.07,47.279999,47.380001,43.606753999999995,1149700,43.606753999999995,1149700,-0.8371661958385487,0.45585950543833575,44.2111293333333,45.208187
1259,1259,2018-01-02,48.759997999999996,49.860001000000004,48.509997999999996,49.119999,45.208187,3562300,45.208187,3562300,0.738312171382788,1.4124626565390828,43.876728999999955,44.77562
1260,1260,2018-01-03,49.299999,49.700001,48.529999,48.650002,44.77562,2138900,44.77562,2138900,-1.3184523594006543,0.8480802784918294,44.24180699999996,44.232609000000004
1261,1261,2018-01-04,48.380001,48.630001,46.299999,48.060001,44.232609000000004,2351500,44.232609000000004,2351500,-0.6614303294454258,0.9323768174639006,44.530186999999955,44.407478000000005
1262,1262,2018-01-05,48.220001,48.650002,47.900002,48.25,44.407478000000005,1353000,44.407478000000005,1353000,0.06221277349205479,0.5364685664591357,44.73880533333329,44.42588
1263,1263,2018-01-08,48.560001,49.240002000000004,47.549999,48.27,44.42588,1778500,44.42588,1778500,-0.597201388031266,0.7051805953049318,44.47190233333328,44.076145000000004
1264,1264,2018-01-09,48.240002000000004,48.240002000000004,47.450001,47.889998999999996,44.076145000000004,1710400,44.076145000000004,1710400,-0.7255451606324727,0.6781787406294941,44.355322333333284,45.281822
1265,1265,2018-01-10,47.639998999999996,49.5,47.549999,49.200001,45.281822,3099400,45.281822,3099400,3.274563460843071,1.228921415287099,44.30316766666662,46.100945
1266,1266,2018-01-11,49.360001000000004,50.110001000000004,48.709998999999996,50.09,46.100945,2008400,46.100945,2008400,1.4789282520476434,0.7963366362723785,44.59461566666662,47.693169
1267,1267,2018-01-12,50.380001,53.0,50.299999,51.82,47.693169,5201600,47.693169,5201600,2.8582750524359857,2.0624500334766003,45.15297066666662,46.183769
1268,1268,2018-01-16,51.849998,51.970001,50.040001000000004,50.18,46.183769,1973700,46.183769,1973700,-3.2208255822883536,0.7825779819810762,46.35864533333328,46.910858000000005
1269,1269,2018-01-17,50.52,51.16,50.130001,50.970001,46.910858000000005,1216600,46.910858000000005,1216600,0.8907383214568493,0.48238555650715775,46.65929433333327,47.140953
1270,1270,2018-01-18,50.84,51.400002,50.689999,51.220001,47.140953,884800,47.140953,884800,0.7474449252557042,0.3508258592779329,46.92926533333327,47.858829
1271,1271,2018-01-19,51.419998,52.099998,51.060001,52.0,47.858829,1504200,47.858829,1504200,1.1279697054830697,0.5964198208927065,46.74519333333327,48.613525
1272,1272,2018-01-22,52.0,52.830002,51.509997999999996,52.82,48.613525,1100000,48.613525,1100000,1.5769230769230775,0.43615330606433794,47.30354666666661,47.858829
1273,1273,2018-01-23,51.82,52.490002000000004,51.41,52.0,47.858829,1181900,47.858829,1181900,0.347356233114627,0.46862690221585546,47.87110233333328,46.58873
1274,1274,2018-01-24,51.919998,52.240002000000004,50.130001,50.619999,46.58873,2557900,46.58873,2557900,-2.5038502505335223,1.014215037801791,48.11039433333329,45.557922
1275,1275,2018-01-25,50.91,51.0,49.380001,49.5,45.557922,1945800,45.557922,1945800,-2.7695934001178486,0.7715155481272625,47.68702799999996,46.386253
1276,1276,2018-01-26,49.540001000000004,50.400002,49.049999,50.400002,46.386253,2417000,46.386253,2417000,1.7359729161087356,0.9583477643250043,46.66849366666662,46.837231
1277,1277,2018-01-29,50.25,51.25,50.25,50.889998999999996,46.837231,1301400,46.837231,1301400,1.2736298507462607,0.516009011374663,46.17763499999995,45.475094
1278,1278,2018-01-30,50.599998,50.810001,49.049999,49.41,45.475094,1608700,45.475094,1608700,-2.3517747965128435,0.6378543849688185,46.26046866666662,45.38306
1279,1279,2018-01-31,49.610001000000004,50.150002,49.07,49.310001,45.38306,1357400,45.38306,1357400,-0.6047167787801582,0.538213179683393,46.23285933333329,45.309425
1280,1280,2018-02-01,48.900002,51.0,48.400002,49.23,45.309425,1447200,45.309425,1447200,0.6748425081863928,0.5738191495784635,45.89846166666661,44.03933
1281,1281,2018-02-02,48.82,49.41,47.529999,47.849998,44.03933,1842300,44.03933,1842300,-1.9868947152806244,0.7304774870566634,45.38919299999995,42.925694
1282,1282,2018-02-05,47.580002,48.490002000000004,46.509997999999996,46.639998999999996,42.925694,2622600,42.925694,2622600,-1.9756262305327443,1.0398687822584842,44.910604999999954,44.416668
1283,1283,2018-02-06,47.060001,48.75,46.099998,48.259997999999996,44.416668,2464000,44.416668,2464000,2.549929822568419,0.976983405584117,44.091482999999954,45.373847999999995
1284,1284,2018-02-07,49.349998,50.150002,48.5,49.299999,45.373847999999995,2221300,45.373847999999995,2221300,-0.1013151003572476,0.8807521261461034,43.793897333333284,43.468703999999995
1285,1285,2018-02-08,48.889998999999996,49.080002,47.200001,47.23,43.468703999999995,1791600,43.468703999999995,1791600,-3.39537540182809,0.7103747846771525,44.238736666666604,44.076145000000004
1286,1286,2018-02-09,47.669998,48.610001000000004,46.200001,47.889998999999996,44.076145000000004,2079400,44.076145000000004,2079400,0.46150830549645994,0.8244883496638039,44.41973999999994,44.517918
1287,1287,2018-02-12,48.18,48.759997999999996,47.669998,48.369999,44.517918,910100,44.517918,910100,0.3943524283935248,0.3608573853174127,44.30623233333328,45.2542
1288,1288,2018-02-13,48.299999,49.23,48.18,49.169998,45.2542,1001000,45.2542,1001000,1.8012402029242278,0.3968995085185475,44.02092233333328,46.349441999999996
1289,1289,2018-02-14,48.869999,50.669998,48.490002000000004,50.360001000000004,46.349441999999996,1486600,46.349441999999996,1486600,3.0489094137284596,0.589441367995677,44.61608766666661,47.159359
1290,1290,2018-02-15,50.759997999999996,51.599998,50.299999,51.240002000000004,47.159359,1333600,47.159359,1333600,0.9456343950210718,0.5287764081521827,45.37385333333327,47.398647
1291,1291,2018-02-16,51.130001,51.799999,50.900002,51.5,47.398647,1346700,47.398647,1346700,0.7236436392794124,0.5339705975244036,46.254333666666604,46.46909
1292,1292,2018-02-20,50.970001,51.43,50.150002,50.490002000000004,46.46909,1343900,46.46909,1343900,-0.9417284492499801,0.532860389108967,46.96914933333326,46.07333
1293,1293,2018-02-21,50.52,51.099998,50.040001000000004,50.060001,46.07333,1125800,46.07333,1125800,-0.910528503562952,0.4463830836065742,47.009031999999934,46.266605
1294,1294,2018-02-22,50.16,50.740002000000004,50.0,50.27,46.266605,1014600,46.266605,1014600,0.21929824561404812,0.4022919493935248,46.64702233333327,49.294594000000004
1295,1295,2018-02-23,50.689999,54.0,50.23,53.560001,49.294594000000004,7127900,49.294594000000004,7127900,5.661870303055243,2.8262337729963583,46.26967499999993,48.226978
1296,1296,2018-02-26,53.630001,53.799999,52.209998999999996,52.400002,48.226978,2237700,48.226978,2237700,-2.293490540863498,0.8872547754365172,47.21150966666661,46.966084
1297,1297,2018-02-27,53.139998999999996,53.529999,51.009997999999996,51.029999,46.966084,2769900,46.966084,2769900,-3.970643657708762,1.0982736749705542,47.929392333333276,47.223782
1298,1298,2018-02-28,51.509997999999996,51.950001,50.889998999999996,51.310001,47.223782,2167700,47.223782,2167700,-0.38826831249342353,0.8594995650506049,48.16255199999994,46.459881
1299,1299,2018-03-01,50.650002,50.869999,49.150002,50.48,46.459881,3405600,46.459881,3405600,-0.3356406580201196,1.3503306355751903,47.472281333333264,49.176456
1300,1300,2018-03-02,47.849998,53.23,47.459998999999996,53.040001000000004,49.176456,4985300,49.176456,4985300,10.846401707268628,1.9766864333841307,46.88324899999993,48.119495
1301,1301,2018-03-05,52.900002,53.18,51.740002000000004,51.900002,48.119495,2988300,48.119495,2988300,-1.8903590967728128,1.184869931374601,47.6200396666666,48.666519
1302,1302,2018-03-06,50.990002000000004,52.509997999999996,50.810001,52.490002000000004,48.666519,3286200,48.666519,3286200,2.9417531695723405,1.302988176716934,47.9186106666666,47.331413
1303,1303,2018-03-07,52.189999,52.330002,50.639998999999996,51.049999,47.331413,2268800,47.331413,2268800,-2.1843265411827284,0.8995860189079726,48.6541566666666,46.478424
1304,1304,2018-03-08,51.419998,51.52,49.950001,50.130001,46.478424,2456800,46.478424,2456800,-2.5087457218493077,0.9741285839444231,48.03914233333327,46.348625
1305,1305,2018-03-09,50.43,50.759997999999996,49.380001,49.990002000000004,46.348625,2148400,46.348625,2148400,-0.8724925639500212,0.8518470570442033,47.49211866666659,46.218819
1306,1306,2018-03-12,49.91,50.310001,49.380001,49.849998,46.218819,1401100,46.218819,1401100,-0.1202203967140798,0.5555403610243126,46.71948733333326,46.663857
1307,1307,2018-03-13,50.0,50.970001,49.889998999999996,50.330002,46.663857,1203500,46.663857,1203500,0.6600040000000007,0.477191367134937,46.34862266666659,45.875774
1308,1308,2018-03-14,50.349998,50.610001000000004,49.349998,49.48,45.875774,1411400,45.875774,1411400,-1.7279007637696482,0.5596243419810969,46.4104336666666,45.356567
1309,1309,2018-03-15,49.459998999999996,49.560001,48.73,48.919998,45.356567,2321800,45.356567,2321800,-1.0917933904527508,0.9206006782001634,46.252816666666604,45.727425
1310,1310,2018-03-16,48.810001,49.84,48.77,49.32,45.727425,1958700,45.727425,1958700,1.0448657847804603,0.7766304368983806,45.965399333333266,45.764515
1311,1311,2018-03-19,49.34,49.77,49.0,49.360001000000004,45.764515,1066600,45.764515,1066600,0.04053708958249007,0.4229101056802026,45.653255333333256,45.755238
1312,1312,2018-03-20,49.59,49.68,48.84,49.349998,45.755238,1150700,45.755238,1150700,-0.4839725751159589,0.4562560084438488,45.61616899999993,44.225429999999996
1313,1313,2018-03-21,48.200001,48.400002,47.32,47.700001,44.225429999999996,3537800,44.225429999999996,3537800,-1.0373443768185813,1.4027483329040134,45.749059333333264,43.455887
1314,1314,2018-03-22,47.360001000000004,48.119999,46.830002,46.869999,43.455887,1358100,43.455887,1358100,-1.0346325795052327,0.5384907317872522,45.24839433333326,42.983044
1315,1315,2018-03-23,46.990002000000004,47.43,46.25,46.360001000000004,42.983044,1896500,42.983044,1896500,-1.3407128605782992,0.7519679499554699,44.47885166666659,43.696953
1316,1316,2018-03-26,46.889998999999996,47.48,46.639998999999996,47.130001,43.696953,1407600,43.696953,1407600,0.5118404886295777,0.5581176305601473,43.554786999999926,43.919476
1317,1317,2018-03-27,47.080002,48.470001,46.91,47.369999,43.919476,1870000,43.919476,1870000,0.6159664139351557,0.7414606203093744,43.378627999999935,44.410858000000005
1318,1318,2018-03-28,47.41,49.110001000000004,47.27,47.900002,44.410858000000005,1170400,44.410858000000005,1170400,1.0335414469521285,0.46406711765245556,43.533157666666604,44.883709
1319,1319,2018-03-29,48.110001000000004,48.98,47.939999,48.41,44.883709,1158100,44.883709,1158100,0.6235688916323086,0.4591901306846452,44.00909566666661,44.067806
1320,1320,2018-04-02,48.290001000000004,48.950001,46.709998999999996,47.529999,44.067806,2278700,44.067806,2278700,-1.5738289175020044,0.9035113986625517,44.40468099999995,44.689011
1321,1321,2018-04-03,47.639998999999996,48.220001,47.52,48.200001,44.689011,1119300,44.689011,1119300,1.17548701040066,0.4438058140707395,44.454124333333276,45.820137
1322,1322,2018-04-04,47.59,49.5,47.560001,49.419998,45.820137,1174000,45.820137,1174000,3.845341458289549,0.4654945284723025,44.546841999999934,46.422794
1323,1323,2018-04-05,49.549999,50.139998999999996,49.169998,50.07,46.422794,764100,46.422794,764100,1.049447044388438,0.30296794651250963,44.85898466666659,44.531387
1324,1324,2018-04-06,49.650002,49.950001,47.650002,48.029999,44.531387,1309000,44.531387,1309000,-3.26284579001629,0.5190224342165621,45.6439806666666,44.531387
1325,1325,2018-04-09,48.369999,48.73,47.580002,48.029999,44.531387,1643100,44.531387,1643100,-0.7029150445093112,0.651494088358467,45.59143933333326,45.866501
1326,1326,2018-04-10,48.57,49.669998,48.540001000000004,49.470001,45.866501,1478500,45.866501,1478500,1.8529977352275133,0.5862296936510215,45.16185599999992,45.440002
1327,1327,2018-04-11,49.040001000000004,49.82,48.880001,49.009997999999996,45.440002,940300,45.440002,940300,-0.06118066759421104,0.37283177608390633,44.97642499999992,44.846626
1328,1328,2018-04-12,49.02,49.419998,48.099998,48.369999,44.846626,1106500,44.846626,1106500,-1.3259914320685497,0.43873057560017265,45.27929666666659,43.938015
1329,1329,2018-04-13,48.639998999999996,48.779999,47.150002,47.389998999999996,43.938015,1536800,43.938015,1536800,-2.5699013686246173,0.6093458188724313,45.38437633333325,44.364506
1330,1330,2018-04-16,47.66,48.049999,47.0,47.849998,44.364506,1348600,44.364506,1348600,0.3986529584557339,0.5347239532348783,44.741547666666584,43.715492
1331,1331,2018-04-17,48.25,48.34,47.07,47.150002,43.715492,1386500,43.715492,1386500,-2.2797886010362682,0.5497514171438223,44.38304899999992,43.836025
1332,1332,2018-04-18,47.389998999999996,48.119999,47.23,47.279999,43.836025,1022100,43.836025,1022100,-0.23211648516810357,0.40526572193487254,44.00600433333326,43.316814
1333,1333,2018-04-19,47.060001,47.110001000000004,45.810001,46.720001,43.316814,1652700,43.316814,1652700,-0.7224819225991863,0.655300517211392,43.97200766666659,43.372440000000005
1334,1334,2018-04-20,46.759997999999996,47.869999,46.529999,46.779999,43.372440000000005,1327700,43.372440000000005,1327700,0.042773740067312674,0.5264370404196559,43.62277699999992,44.642651
1335,1335,2018-04-23,46.82,48.240002000000004,46.720001,48.150002,44.642651,1446800,44.642651,1446800,2.8406706535668524,0.5736605483762582,43.50842633333326,44.401592
1336,1336,2018-04-24,48.169998,48.799999,47.619999,47.889998999999996,44.401592,1475500,44.401592,1475500,-0.5812726004265221,0.5850401846344824,43.777301666666595,45.180408
1337,1337,2018-04-25,47.799999,48.810001,47.279999,48.73,45.180408,1372400,45.180408,1372400,1.9456088273139864,0.5441607247660886,44.13889433333326,46.061203000000006
1338,1338,2018-04-26,48.599998,49.759997999999996,48.369999,49.68,46.061203000000006,1690700,46.061203000000006,1690700,2.2222264288982077,0.6703676314208874,44.74155033333326,47.841347
1339,1339,2018-04-27,49.52,51.619999,49.509997999999996,51.599998,47.841347,2404700,47.841347,2404700,4.200319063004838,0.953470777357194,45.214400999999924,46.877102
1340,1340,2018-04-30,51.709998999999996,52.139998999999996,50.529999,50.560001,46.877102,2376900,46.877102,2376900,-2.2239373858815905,0.9424479938039316,46.36098599999993,46.515507
1341,1341,2018-05-01,49.900002,51.099998,49.459998999999996,50.169998,46.515507,1349900,46.515507,1349900,0.5410741266102534,0.5352394071420452,46.9265506666666,46.543327000000005
1342,1342,2018-05-02,49.990002000000004,50.48,49.27,50.200001,46.543327000000005,1195200,46.543327000000005,1195200,0.4200819995966319,0.4739003921891788,47.07798533333326,45.690342
1343,1343,2018-05-03,50.040001000000004,50.09,49.23,49.279999,45.690342,2264400,45.690342,2264400,-1.5187889384734568,0.8978414056837153,46.64531199999993,45.885040000000004
1344,1344,2018-05-04,49.110001000000004,49.689999,48.57,49.490002000000004,45.885040000000004,1043800,45.885040000000004,1043800,0.7737751827779438,0.41386983715450537,46.24972533333326,44.985699
1345,1345,2018-05-07,49.740002000000004,49.740002000000004,47.990002000000004,48.52,44.985699,1075500,44.985699,1075500,-2.4527582447624363,0.4264389824292686,46.0395696666666,44.874446999999996
1346,1346,2018-05-08,48.459998999999996,48.82,48.049999,48.400002,44.874446999999996,1181900,44.874446999999996,1181900,-0.12380726627748309,0.46862690221585546,45.520360333333265,45.681076000000004
1347,1347,2018-05-09,48.5,49.419998,47.990002000000004,49.27,45.681076000000004,1876800,45.681076000000004,1876800,1.5876288659793878,0.7441568407468631,45.24839533333327,45.041332000000004
1348,1348,2018-05-10,48.849998,48.889998999999996,47.560001,48.580002,45.041332000000004,1681000,45.041332000000004,1681000,-0.5527042191485843,0.6665215522674109,45.18040733333328,45.245296
1349,1349,2018-05-11,48.240002000000004,49.16,47.959998999999996,48.799999,45.245296,925000,45.245296,925000,1.160856087858362,0.3667652800995569,45.19895166666661,45.727425
1350,1350,2018-05-14,49.0,49.450001,48.75,49.32,45.727425,2139500,45.727425,2139500,0.6530612244897964,0.8483181802951373,45.32256799999994,46.228085
1351,1351,2018-05-15,49.119999,50.040001000000004,48.68,49.860001000000004,46.228085,1551800,46.228085,1551800,1.5065187603118722,0.6152933639551269,45.33801766666661,47.331413
1352,1352,2018-05-16,51.060001,51.560001,49.549999,51.049999,47.331413,3042100,47.331413,3042100,-0.019588718770295492,1.2062017930712021,45.733601999999934,47.546211
1353,1353,2018-05-17,50.639998999999996,51.869999,50.509997999999996,50.91,47.546211,5173500,47.546211,5173500,0.5331773407025554,2.051308299021684,46.428974333333265,42.362915
1354,1354,2018-05-18,46.830002,47.200001,45.349998,45.360001000000004,42.362915,11422400,42.362915,11422400,-3.1390154542380677,4.529015930172085,47.03523633333327,42.811203000000006
1355,1355,2018-05-21,45.73,46.360001000000004,45.25,45.84,42.811203000000006,3733900,42.811203000000006,3733900,0.24054231357972128,1.4805025722851195,45.74684633333327,42.745827
1356,1356,2018-05-22,46.060001,46.549999,45.610001000000004,45.77,42.745827,3483900,42.745827,3483900,-0.6296157049584011,1.3813768209068609,44.240109666666605,44.473591
1357,1357,2018-05-23,46.32,47.740002000000004,46.18,47.619999,44.473591,3086200,44.473591,3086200,2.806560880829015,1.223687575614327,42.63998166666661,45.519591999999996
1358,1358,2018-05-24,47.529999,49.259997999999996,47.52,48.740002000000004,45.519591999999996,3065700,45.519591999999996,3065700,2.545766937634498,1.2155592640013098,43.34354033333327,45.697041
1359,1359,2018-05-25,48.529999,49.380001,48.09,48.93,45.697041,2491900,45.697041,2491900,0.8242345111113708,0.9880458394379306,44.2463366666666,45.725056
1360,1360,2018-05-29,48.689999,49.150002,48.599998,48.959998999999996,45.725056,1645800,45.725056,1645800,0.554528662035906,0.6525646464733521,45.2300746666666,45.762417
1361,1361,2018-05-30,49.169998,49.68,48.77,49.0,45.762417,1603500,45.762417,1603500,-0.3457352184557739,0.6357925693401508,45.6472296666666,45.790432
1362,1362,2018-05-31,48.799999,49.400002,48.310001,49.029999,45.790432,2224300,45.790432,2224300,0.4713114850678519,0.8819416351626426,45.72817133333327,46.313431
1363,1363,2018-06-01,49.080002,50.080002,49.080002,49.59,46.313431,1332400,46.313431,1332400,1.0391156870776066,0.5283006045455672,45.7593016666666,47.583569
1364,1364,2018-06-04,49.830002,51.009997999999996,49.740002000000004,50.950001,47.583569,1861800,47.583569,1861800,2.247639885705804,0.7382092956641676,45.955426666666604,48.321377000000005
1365,1365,2018-06-05,51.0,52.029999,50.790001000000004,51.740002000000004,48.321377000000005,2844600,48.321377000000005,2844600,1.450984313725498,1.1278924494823779,46.56247733333327,48.414772
1366,1366,2018-06-06,51.689999,51.990002000000004,51.27,51.84,48.414772,1724700,48.414772,1724700,0.2901934666317234,0.6838487336083305,47.406125666666604,48.741634000000005
1367,1367,2018-06-07,52.0,53.41,51.41,52.189999,48.741634000000005,2463400,48.741634000000005,2463400,0.3653826923076928,0.9767455037808092,48.1065726666666,49.003139000000004
1368,1368,2018-06-08,51.91,52.549999,51.549999,52.470001,49.003139000000004,1624800,49.003139000000004,1624800,1.0787921402427412,0.6442380833575784,48.49259433333327,48.807014
1369,1369,2018-06-11,52.5,53.080002,52.169998,52.259997999999996,48.807014,1905100,48.807014,1905100,-0.4571466666666744,0.755377875802882,48.71984833333327,49.432743
1370,1370,2018-06-12,52.380001,53.360001000000004,52.060001,52.93,49.432743,2106500,49.432743,2106500,1.050017162084437,0.8352335811132071,48.85059566666661,48.087887
1371,1371,2018-06-13,53.150002,53.25,51.439999,51.490002000000004,48.087887,2018500,48.087887,2018500,-3.1232360066515077,0.8003413166280601,49.080965333333275,46.574928
1372,1372,2018-06-14,51.369999,51.369999,49.740002000000004,49.869999,46.574928,3028400,46.574928,3028400,-2.9199922701964627,1.2007697018956736,48.775881333333274,47.153965
1373,1373,2018-06-15,49.77,50.529999,49.41,50.490002000000004,47.153965,2391400,47.153965,2391400,1.4466586296966062,0.9481972873838707,48.0318526666666,48.190616999999996
1374,1374,2018-06-18,50.349998,51.630001,50.259997999999996,51.599998,48.190616999999996,1779800,48.190616999999996,1779800,2.4826217470753424,0.7056960492120987,47.27225999999994,47.798374
1375,1375,2018-06-19,51.040001000000004,51.59,50.82,51.18,47.798374,1728800,47.798374,1728800,0.2742927062246648,0.685474395930934,47.306503333333275,48.405421999999994
1376,1376,2018-06-20,51.490002000000004,51.91,51.040001000000004,51.830002,48.405421999999994,1097300,48.405421999999994,1097300,0.6603223670490366,0.43508274794945273,47.71431866666661,49.292656
1377,1377,2018-06-21,52.25,52.98,51.98,52.779999,49.292656,2067100,49.292656,2067100,1.0143521531100412,0.8196113626959936,48.13147099999994,48.031853000000005
1378,1378,2018-06-22,53.0,53.049999,51.34,51.43,48.031853000000005,2022600,48.031853000000005,2022600,-2.9622641509433967,0.8019669789506635,48.49881733333327,47.53688
1379,1379,2018-06-25,51.169998,51.669998,50.669998,50.900002,47.53688,1729500,47.53688,1729500,-0.527645125176669,0.6857519480347931,48.576643666666605,48.162605
1380,1380,2018-06-26,51.09,51.66,50.349998,51.57,48.162605,2111300,48.162605,2111300,0.9395184967703989,0.8371367955396697,48.28712966666661,47.938465
1381,1381,2018-06-27,51.41,52.200001,51.220001,51.330002,47.938465,1737800,47.938465,1737800,-0.1556078583933014,0.6890429229805514,47.91044599999995,48.919083
1382,1382,2018-06-28,51.240002000000004,52.560001,51.029999,52.380001,48.919083,1302600,48.919083,1302600,2.224822317532298,0.5164848149812787,47.87931666666662,48.358727
1383,1383,2018-06-29,52.68,52.810001,51.700001,51.779999,48.358727,1524900,48.358727,1524900,-1.70843014426728,0.6046274331068263,48.34005099999995,47.359428
1384,1384,2018-07-02,50.0,50.709998999999996,49.130001,50.709998999999996,47.359428,2246300,47.359428,2246300,1.4199979999999925,0.8906647012839294,48.40542499999996,47.985161
1385,1385,2018-07-03,50.810001,51.830002,50.779999,51.380001,47.985161,927700,47.985161,927700,1.1218263900447478,0.3678358382144421,48.21241266666663,49.610191
1386,1386,2018-07-05,51.880001,53.169998,51.68,53.119999,49.610191,3729000,49.610191,3729000,2.3901271705835163,1.4785597075581056,47.9011053333333,50.385357
1387,1387,2018-07-06,53.009997999999996,54.09,52.889998999999996,53.950001,50.385357,3272400,50.385357,3272400,1.7732560563386637,1.297516435240854,48.318259999999974,49.983765000000005
1388,1388,2018-07-09,54.0,54.110001000000004,52.369999,53.52,49.983765000000005,4130100,49.983765000000005,4130100,-0.8888888888888832,1.6375970630693837,49.326902999999966,48.648247
1389,1389,2018-07-10,52.0,52.43,50.310001,52.09,48.648247,7675700,48.648247,7675700,0.17307692307692962,3.0434381194163986,49.9931043333333,49.890366
1390,1390,2018-07-11,52.029999,53.549999,51.630001,53.419998,49.890366,3057400,49.890366,3057400,2.6715337818861062,1.2122682890555516,49.67245633333331,49.86235
1391,1391,2018-07-12,53.549999,53.689999,52.439999,53.389998999999996,49.86235,3253300,49.86235,3253300,-0.29878618671870316,1.2899432278355552,49.50745933333331,48.732296000000005
1392,1392,2018-07-13,53.25,53.860001000000004,52.02,52.18,48.732296000000005,2310900,48.732296000000005,2310900,-2.009389671361503,0.9162787954400714,49.46698766666663,48.965778
1393,1393,2018-07-16,52.240002000000004,52.759997999999996,51.720001,52.43,48.965778,1282300,48.965778,1282300,0.36370213002670954,0.5084358039693642,49.495003999999966,48.853706
1394,1394,2018-07-17,52.25,52.700001,51.66,52.310001,48.853706,1338000,48.853706,1338000,0.11483444976076508,0.5305210213764401,49.186807999999964,49.554153
1395,1395,2018-07-18,52.400002,53.18,52.310001,53.060001,49.554153,1314700,49.554153,1314700,1.2595400282618292,0.5212825013479865,48.8505933333333,50.460064
1396,1396,2018-07-19,53.0,54.09,52.990002000000004,54.029999,50.460064,1164600,50.460064,1164600,1.943394339622635,0.46176740022047996,49.12454566666662,49.115210999999995
1397,1397,2018-07-20,53.759997999999996,54.610001000000004,52.52,52.59,49.115210999999995,4549900,49.115210999999995,4549900,-2.1763356464410446,1.8040490247837555,49.62264099999995,49.591511
1398,1398,2018-07-23,52.48,53.490002000000004,52.41,53.099998,49.591511,1705600,49.591511,1705600,1.1813986280487854,0.6762755262030316,49.70980933333328,49.049834999999995
1399,1399,2018-07-24,53.16,53.290001000000004,52.330002,52.52,49.049834999999995,1445900,49.049834999999995,1445900,-1.203912716328054,0.5733036956712966,49.722261999999944,49.881035
1400,1400,2018-07-25,52.790001000000004,53.43,52.669998,53.41,49.881035,1430600,49.881035,1430600,1.174462944223079,0.5672371996869471,49.252185666666605,49.339355
1401,1401,2018-07-26,53.549999,54.279999,52.759997999999996,52.830002,49.339355,1181700,49.339355,1181700,-1.344532237993131,0.46854760161475284,49.50746033333328,48.536179
1402,1402,2018-07-27,52.93,53.279999,51.810001,51.970001,48.536179,1269100,48.536179,1269100,-1.8137143396939286,0.503201964296592,49.42340833333328,49.02182
1403,1403,2018-07-30,51.889998999999996,52.810001,51.889998999999996,52.490002000000004,49.02182,1247600,49.02182,1247600,1.1562979602293075,0.4946771496780618,49.25218966666662,48.947105
1404,1404,2018-07-31,52.82,53.099998,52.09,52.41,48.947105,1428600,48.947105,1428600,-0.7762211283604765,0.566444193675921,48.965784666666615,46.939159000000004
1405,1405,2018-08-01,51.990002000000004,52.23,50.16,50.259997999999996,46.939159000000004,1985500,46.939159000000004,1985500,-3.3275705586624285,0.7872567174461299,48.835034666666616,47.396782
1406,1406,2018-08-02,50.189999,50.98,49.880001,50.75,47.396782,2234900,47.396782,2234900,1.115762126235547,0.8861445670210808,48.30269466666662,47.238018
1407,1407,2018-08-03,50.959998999999996,51.470001,49.970001,50.580002,47.238018,2203400,47.238018,2203400,-0.7456770162024453,0.8736547223474201,47.76101533333329,47.564892
1408,1408,2018-08-06,50.240002000000004,51.080002,50.189999,50.93,47.564892,1746600,47.564892,1746600,1.373403607746663,0.692532149429066,47.19131966666662,47.620926000000004
1409,1409,2018-08-07,50.790001000000004,51.349998,50.060001,50.990002000000004,47.620926000000004,2951100,47.620926000000004,2951100,0.3937802639539233,1.170120019569516,47.399897333333286,48.162605
1410,1410,2018-08-08,50.68,51.630001,50.669998,51.57,48.162605,1590900,48.162605,1590900,1.7561168113654313,0.6307966314706865,47.47461199999995,49.07785
1411,1411,2018-08-09,51.700001,52.669998,51.529999,52.549999,49.07785,1891000,49.07785,1891000,1.6440966799981287,0.7497871834251482,47.78280766666662,49.105869
1412,1412,2018-08-10,52.259997999999996,53.299999,52.060001,52.580002,49.105869,2211900,49.105869,2211900,0.612330677854225,0.877024997894281,48.28712699999996,49.451423999999996
1413,1413,2018-08-13,52.700001,53.299999,52.549999,52.950001,49.451423999999996,1789800,49.451423999999996,1789800,0.4743832927061994,0.7096610792672291,48.78210799999996,51.253906
1414,1414,2018-08-14,53.380001,54.970001,53.310001,54.880001,51.253906,2883800,51.253906,2883800,2.8100411612955947,1.143435367298489,49.21171433333328,48.433440999999995
1415,1415,2018-08-15,54.02,54.080002,51.48,51.860001000000004,48.433440999999995,3668500,48.433440999999995,3668500,-3.9985172158459816,1.454571275724567,49.93706633333329,48.825687
1416,1416,2018-08-16,52.110001000000004,52.639998999999996,50.93,52.279999,48.825687,5690000,48.825687,5690000,0.32622912442468105,2.2561021013691662,49.71292366666662,55.269787
1417,1417,2018-08-17,55.650002,59.25,55.27,59.18,55.269787,17078500,55.269787,17078500,6.343212710037277,6.771676579654359,49.50434466666662,57.492538
1418,1418,2018-08-20,59.389998999999996,61.73,59.07,61.560001,57.492538,9038600,57.492538,9038600,3.653817202455255,3.5838320656301135,50.84297166666662,57.296409999999995
1419,1419,2018-08-21,61.73,62.049999,60.490002000000004,61.349998,57.296409999999995,4429900,57.296409999999995,4429900,-0.6155872347318929,1.7564686641221914,53.862670666666624,56.567951
1420,1420,2018-08-22,61.560001,61.98,60.509997999999996,60.57,56.567951,2184600,56.567951,2184600,-1.6081887328104485,0.8662004658437751,56.68624499999995,57.903461
1421,1421,2018-08-23,60.790001000000004,62.18,60.41,62.0,57.903461,2685100,57.903461,2685100,1.9904572793147284,1.0646502201030488,57.118966333333276,57.959499
1422,1422,2018-08-24,61.77,62.740002000000004,61.580002,62.060001,57.959499,5099100,57.959499,5099100,0.46948518698396735,2.021808475411514,57.25594066666661,56.586624
1423,1423,2018-08-27,61.990002000000004,61.990002000000004,60.299999,60.59,56.586624,2528900,56.586624,2528900,-2.2584319322977287,1.0027164506419128,57.47697033333327,57.894127000000005
1424,1424,2018-08-28,60.77,62.349998,60.610001000000004,61.990002000000004,57.894127000000005,2334500,57.894127000000005,2334500,2.007572815533982,0.925636266370179,57.483194666666606,57.324425
1425,1425,2018-08-29,61.709998999999996,61.75,59.919998,61.380001,57.324425,2899800,57.324425,2899800,-0.5347561259885878,1.1497794153866974,57.480083333333276,58.136948
1426,1426,2018-08-30,60.889998999999996,62.279999,60.889998999999996,62.25,58.136948,2060700,58.136948,2060700,2.233537563368993,0.8170737434607102,57.26839199999994,59.048267
1427,1427,2018-08-31,61.790001000000004,63.029999,61.68,62.849998,59.048267,2708000,59.048267,2708000,1.7154830601151723,1.0737301389292975,57.785166666666605,61.087006
1428,1428,2018-09-04,63.369999,65.059998,63.299999,65.019997,61.087006,3321200,61.087006,3321200,2.603752605392977,1.3168657819098901,58.16987999999994,60.908508
1429,1429,2018-09-05,64.989998,65.779999,64.07,64.83000200000001,60.908508,5209800,60.908508,5209800,-0.246185574586404,2.065701358121807,59.42407366666661,61.171555000000005
1430,1430,2018-09-06,65.160004,66.300003,64.949997,65.110001,61.171555000000005,2459600,61.171555000000005,2459600,-0.07673879209707199,0.9752387923598596,60.34792699999994,61.744663
1431,1431,2018-09-07,64.970001,66.33000200000001,64.519997,65.720001,61.744663,2317600,61.744663,2317600,1.154378926360183,0.9189353655770087,61.05568966666661,61.528576
1432,1432,2018-09-10,65.980003,66.269997,65.230003,65.489998,61.528576,2029100,61.528576,2029100,-0.7426568319495173,0.8045442484864983,61.27490866666661,61.68830500000001
1433,1433,2018-09-11,65.309998,66.099998,65.199997,65.660004,61.68830500000001,1846100,61.68830500000001,1846100,0.5359148839661696,0.731984198477613,61.48159799999994,61.857406999999995
1434,1434,2018-09-12,65.75,66.010002,65.089996,65.839996,61.857406999999995,1198300,61.857406999999995,1198300,0.13687604562737535,0.47512955150626923,61.65384799999995,61.519180000000006
1435,1435,2018-09-13,65.730003,66.089996,65.139999,65.480003,61.519180000000006,1445500,61.519180000000006,1445500,-0.38034381346369334,0.5731450944690913,61.691429333333275,61.537975
1436,1436,2018-09-14,65.58000200000001,65.58000200000001,64.309998,65.5,61.537975,1818900,61.537975,1818900,-0.1219914570908483,0.7211993167276584,61.688297333333274,60.22265600000001
1437,1437,2018-09-17,65.400002,65.459999,63.779999,64.099998,60.22265600000001,1606200,60.22265600000001,1606200,-1.9877736395176278,0.6368631274550359,61.63818733333327,60.185078000000004
1438,1438,2018-09-18,64.160004,64.779999,63.93,64.059998,60.185078000000004,1444200,60.185078000000004,1444200,-0.1558696910305797,0.5726296405619244,61.09327033333327,60.260242000000005
1439,1439,2018-09-19,64.139999,64.730003,63.57,64.139999,60.260242000000005,1311700,60.260242000000005,1311700,0.0,0.5200929923314473,60.64856966666661,57.338356000000005
1440,1440,2018-09-20,63.75,63.779999,60.720001,61.029999,57.338356000000005,4148100,57.338356000000005,4148100,-4.266668235294123,1.6447341171686183,60.22265866666661,56.690093999999995
1441,1441,2018-09-21,61.16,62.02,60.169998,60.34,56.690093999999995,3465100,56.690093999999995,3465100,-1.3407455853498906,1.3739225644032158,59.26122533333328,56.361275
1442,1442,2018-09-24,60.330002,60.860001000000004,59.66,59.990002000000004,56.361275,1702200,56.361275,1702200,-0.5635670292203808,0.6749274159842873,58.09623066666661,56.126392
1443,1443,2018-09-25,60.360001000000004,60.68,59.470001,59.740002000000004,56.126392,2559600,56.126392,2559600,-1.0271686377208642,1.0148890929111631,56.79657499999994,56.727676
1444,1444,2018-09-26,59.830002,61.380001,59.75,60.380001,56.727676,1797200,56.727676,1797200,0.9192695664626582,0.7125952015080256,56.39258699999994,56.38945
1445,1445,2018-09-27,60.18,60.57,59.830002,60.02,56.38945,1477400,56.38945,1477400,-0.2658690594881964,0.5857935403449571,56.40511433333328,56.192154
1446,1446,2018-09-28,60.139998999999996,60.630001,59.540001000000004,59.810001,56.192154,1691400,56.192154,1691400,-0.5487163376906545,0.6706451835247466,56.41450599999995,56.962551
1447,1447,2018-10-01,60.029999,61.119999,59.810001,60.630001,56.962551,2078600,56.962551,2078600,0.9995035981926362,0.8241711472593934,56.43642666666661,54.998974
1448,1448,2018-10-02,60.68,60.919998,58.5,58.540001000000004,54.998974,1709700,54.998974,1709700,-3.5266957811469943,0.6779011885256351,56.51471833333327,55.694218000000006
1449,1449,2018-10-03,58.75,59.52,58.310001,59.279999,55.694218000000006,1844400,55.694218000000006,1844400,0.9021259574468027,0.7313101433682407,56.05122633333328,55.741192000000005
1450,1450,2018-10-04,59.009997999999996,59.970001,58.93,59.330002,55.741192000000005,2914800,55.741192000000005,2914800,0.5422877662188778,1.155726960469393,55.88524766666662,56.61493299999999
1451,1451,2018-10-05,59.529999,60.849998,59.25,60.259997999999996,56.61493299999999,2958700,56.61493299999999,2958700,1.226270808437271,1.173133442411415,55.47812799999996,58.174519
1452,1452,2018-10-08,59.990002000000004,62.110001000000004,59.860001000000004,61.919998,58.174519,2665900,58.174519,2665900,3.217196092108807,1.0570373623971987,56.01678099999995,57.685978000000006
1453,1453,2018-10-09,61.5,62.490002000000004,60.830002,61.400002,57.685978000000006,2324400,57.685978000000006,2324400,-0.1625983739837388,0.9216315860144974,56.84354799999995,57.29138199999999
1454,1454,2018-10-10,61.529999,62.59,60.880001,60.98,57.29138199999999,1886100,57.29138199999999,1886100,-0.8938712968287221,0.7478443186981343,57.49180999999995,55.703613
1455,1455,2018-10-11,60.869999,61.82,59.25,59.290001000000004,55.703613,1950100,55.703613,1950100,-2.595692501982785,0.7732205110509686,57.71729299999995,57.770534999999995
1456,1456,2018-10-12,60.02,61.66,59.759997999999996,61.490002000000004,57.770534999999995,2219300,57.770534999999995,2219300,2.449186937687439,0.8799591201350774,56.893657666666606,58.13694
1457,1457,2018-10-15,61.790001000000004,62.290001000000004,61.25,61.880001,58.13694,1547900,58.13694,1547900,0.1456546343153422,0.6137470022336261,56.92184333333327,58.77581
1458,1458,2018-10-16,62.080002,62.68,61.310001,62.560001,58.77581,1287800,58.77581,1287800,0.7731942405543083,0.5106165704996858,57.203695999999944,56.755858999999994
1459,1459,2018-10-17,62.110001000000004,62.610001000000004,59.869999,60.41,56.755858999999994,1656400,56.755858999999994,1656400,-2.737080941280306,0.6567675783317903,58.227761666666616,56.47401
1460,1460,2018-10-18,60.299999,60.959998999999996,59.639998999999996,60.110001000000004,56.47401,1305500,56.47401,1305500,-0.31508789908934437,0.5176346736972665,57.889536333333275,55.844536
1461,1461,2018-10-19,59.93,60.540001000000004,58.93,59.439999,55.844536,1656200,55.844536,1656200,-0.817622225930251,0.6566882777306877,57.335226333333274,56.859207
1462,1462,2018-10-22,59.73,60.98,59.73,60.52,56.859207,2210100,56.859207,2210100,1.3226184496902835,0.8763112924843575,56.35813499999994,56.492802000000005
1463,1463,2018-10-23,59.869999,60.450001,58.23,60.130001,56.492802000000005,1266800,56.492802000000005,1266800,0.43427760872352794,0.502290007383912,56.392584333333275,55.694218000000006
1464,1464,2018-10-24,59.959998999999996,62.0,59.099998,59.279999,55.694218000000006,3661000,55.694218000000006,3661000,-1.1340894118427183,1.4515975031832191,56.398848333333284,57.77993000000001
1465,1465,2018-10-25,59.389998999999996,61.799999,59.34,61.5,57.77993000000001,2195400,57.77993000000001,2195400,3.5527884080280994,0.8704826983033159,56.348742333333284,57.422913
1466,1466,2018-10-26,61.240002000000004,62.290001000000004,60.16,61.119999,57.422913,2560600,57.422913,2560600,-0.19595525160172933,1.015285595916676,56.65564999999995,58.803993000000006
1467,1467,2018-10-29,61.869999,64.739998,61.849998,62.59,58.803993000000006,3906600,58.803993000000006,3906600,1.163732037558306,1.5489786413372204,56.965686999999946,62.853283
1468,1468,2018-10-30,63.299999,67.059998,63.290001000000004,66.900002,62.853283,3762000,62.853283,3762000,5.687208620651007,1.4916443067400358,58.002278666666605,61.791641000000006
1469,1469,2018-10-31,66.93,67.699997,65.660004,65.769997,61.791641000000006,5104500,61.791641000000006,5104500,-1.7331585238308727,2.0239495916412844,59.693396333333276,61.528576
1470,1470,2018-11-01,65.599998,66.389999,64.5,65.489998,61.528576,2603900,61.528576,2603900,-0.16768293194155193,1.0324541760553905,61.149638999999944,62.468081999999995
1471,1471,2018-11-02,66.43,67.66999799999999,65.68,66.489998,62.468081999999995,1891200,62.468081999999995,1891200,0.09031762757789118,0.7498664840262508,62.05783333333327,63.276066
1472,1472,2018-11-05,66.540001,67.449997,65.139999,67.349998,63.276066,1770100,63.276066,1770100,1.2173083676388818,0.7018499700586224,61.92943299999993,63.379417000000004
1473,1473,2018-11-06,66.870003,67.75,66.550003,67.459999,63.379417000000004,1778900,63.379417000000004,1778900,0.8823029363405283,0.7053391965071371,62.42424133333326,62.421112
1474,1474,2018-11-07,67.529999,67.650002,64.589996,66.440002,62.421112,3010800,62.421112,3010800,-1.6140930196074739,1.1937912489986442,63.041188333333274,62.51506800000001
1475,1475,2018-11-08,65.0,67.199997,65.0,66.540001,62.51506800000001,1814500,62.51506800000001,1814500,2.3692323076923136,0.719454703503401,63.02553166666661,61.500393
1476,1476,2018-11-09,66.32,66.349998,65.08000200000001,65.459999,61.500393,1584100,61.500393,1584100,-1.2967445717732162,0.6281004110331979,62.77186566666662,60.410568000000005
1477,1477,2018-11-12,66.029999,66.599998,64.220001,64.300003,60.410568000000005,1897800,60.410568000000005,1897800,-2.620015184310392,0.7524834038626368,62.14552433333328,60.044151
1478,1478,2018-11-13,65.099998,65.129997,63.73,63.91,60.044151,2722300,60.044151,2722300,-1.8279539732090357,1.0794001319081337,61.47534299999995,57.404125
1479,1479,2018-11-14,63.91,65.239998,60.810001,61.099998,57.404125,3427600,57.404125,3427600,-4.396811140666558,1.359053701696477,60.651703999999945,55.42175699999999
1480,1480,2018-11-15,59.900002,60.25,58.25,58.990002000000004,55.42175699999999,4892700,55.42175699999999,4892700,-1.519198613716234,1.9399702550736238,59.28628133333328,47.8493
1481,1481,2018-11-16,52.599998,52.599998,49.830002,50.93,47.8493,12772000,47.8493,12772000,-3.1749012614030887,5.064136386412477,57.62334433333327,48.15934
1482,1482,2018-11-19,51.200001,51.889998999999996,49.869999,51.259997999999996,48.15934,4402100,48.15934,4402100,0.1171816383362876,1.745445880568929,53.558393999999936,47.90567
1483,1483,2018-11-20,49.110001000000004,51.759997999999996,48.27,50.990002000000004,47.90567,4074100,47.90567,4074100,3.8281428664601327,1.6153928947606537,50.47679899999994,49.164615999999995
1484,1484,2018-11-21,51.18,52.68,51.18,52.330002,49.164615999999995,3275500,49.164615999999995,3275500,2.2469753810082076,1.2987455945579445,47.97143666666662,48.767208000000004
1485,1485,2018-11-23,51.68,52.470001,51.360001000000004,51.540001000000004,48.767208000000004,1711600,48.767208000000004,1711600,-0.27089589783280954,0.6786545442361098,48.40987533333328,49.476859999999995
1486,1486,2018-11-26,51.919998,52.889998999999996,51.689999,52.290001000000004,49.476859999999995,3710300,49.476859999999995,3710300,0.7126406283759951,1.4711451013550119,48.61249799999996,50.139206
1487,1487,2018-11-27,52.290001000000004,53.150002,52.130001,52.990002000000004,50.139206,2405900,50.139206,2405900,1.3386899724863273,0.9539465809638097,49.13622799999996,51.549042
1488,1488,2018-11-28,53.189999,54.549999,52.900002,54.48,51.549042,2634900,51.549042,2634900,2.4252698331503946,1.0447457692262945,49.46109133333329,49.486317
1489,1489,2018-11-29,54.380001,54.650002,51.919998,52.299999,49.486317,3852300,49.486317,3852300,-3.8249392455877307,1.5274485281378627,50.388369333333294,50.025661
1490,1490,2018-11-30,51.98,53.540001000000004,51.939999,52.869999,50.025661,3680900,50.025661,3680900,1.7121950750288635,1.4594879129929286,50.39152166666664,50.290592
1491,1491,2018-12-03,53.380001,53.77,51.939999,53.150002,50.290592,2689300,50.290592,2689300,-0.43087110470454915,1.0663155327262037,50.35367333333331,48.085945
1492,1492,2018-12-04,53.040001000000004,53.349998,50.369999,50.82,48.085945,4275500,48.085945,4275500,-4.185522168447929,1.695248600070979,49.93418999999998,47.962936
1493,1493,2018-12-06,50.310001,50.91,49.290001000000004,50.689999,47.962936,3493500,47.962936,3493500,0.7553130440208111,1.385183249759786,49.46739933333331,46.704494
1494,1494,2018-12-07,50.740002000000004,51.139998999999996,49.0,49.360001000000004,46.704494,2758500,46.704494,2758500,-2.719749597171872,1.0937535407077057,48.779824333333316,46.401711
1495,1495,2018-12-10,49.57,49.669998,47.830002,49.040001000000004,46.401711,2453600,46.401711,2453600,-1.0691930603187343,0.9728597743267814,47.584458333333316,46.401711
1496,1496,2018-12-11,49.5,50.299999,48.52,49.040001000000004,46.401711,2133600,46.401711,2133600,-0.9292909090909015,0.8459788125626103,47.023046999999984,47.470913
1497,1497,2018-12-12,49.639998999999996,50.66,49.259997999999996,50.169998,47.470913,3000600,47.470913,3000600,1.067685355916312,1.1897469183424112,46.502638666666655,46.335476
1498,1498,2018-12-13,49.970001,50.43,48.41,48.970001,46.335476,2577200,46.335476,2577200,-2.001200680384217,1.0218675458081925,46.75811166666665,45.994839
1499,1499,2018-12-14,48.84,49.98,48.369999,48.610001000000004,45.994839,2426200,45.994839,2426200,-0.4709234234234222,0.9619955919757243,46.73603333333332,45.095946999999995
1500,1500,2018-12-17,48.380001,48.77,47.439999,47.66,45.095946999999995,2454600,45.095946999999995,2454600,-1.4882203082219931,0.9732562773322945,46.60040933333332,45.710978999999995
1501,1501,2018-12-18,47.990002000000004,48.810001,47.68,48.310001,45.710978999999995,2889300,45.710978999999995,2889300,0.666803472940042,1.1456161338288104,45.808753999999986,44.282211
1502,1502,2018-12-19,48.290001000000004,48.779999,46.66,46.799999,44.282211,2453600,44.282211,2453600,-3.0855290311549255,0.9728597743267814,45.60058833333332,43.648262
1503,1503,2018-12-20,46.560001,47.07,45.439999,46.130001,43.648262,3164500,43.648262,3164500,-0.9235394990648728,1.2547337609459976,45.029712333333315,41.935635
1504,1504,2018-12-21,46.259997999999996,46.959998999999996,44.23,44.32,41.935635,3989100,41.935635,3989100,-4.1936837091951364,1.581690139292046,44.547150666666646,41.812626
1505,1505,2018-12-24,44.080002,44.950001,43.700001,44.189999,41.812626,2869700,41.812626,2869700,0.24953946236209312,1.1378446749207551,43.288702666666644,44.234909
1506,1506,2018-12-26,44.700001,46.939999,44.700001,46.75,44.234909,4339800,44.234909,4339800,4.586127414180594,1.720743743325467,42.465507666666646,44.14975
1507,1507,2018-12-27,46.09,46.669998,44.91,46.66,44.14975,2415200,44.14975,2415200,1.2367107832501478,0.9576340589150809,42.66105666666665,43.572567
1508,1508,2018-12-28,46.84,46.889998999999996,45.66,46.049999,43.572567,2261400,43.572567,2261400,-1.6865947907771215,0.8966518966671762,43.39909499999999,44.10244
1509,1509,2018-12-31,46.119999,47.099998,45.549999,46.610001000000004,44.10244,1972000,44.10244,1972000,1.062450153132059,0.781903926871704,43.98574199999999,44.925632
1510,1510,2019-01-02,45.959998999999996,48.099998,45.669998,47.48,44.925632,2768400,44.925632,2768400,3.3072259205227583,1.0976789204622845,43.94158566666666,44.471458
1511,1511,2019-01-03,47.240002000000004,48.110001000000004,46.59,47.0,44.471458,2919700,44.471458,2919700,-0.5080482426736646,1.1576698251964068,44.200213,44.443073
1512,1512,2019-01-04,47.48,47.689999,46.669998,46.970001,44.443073,2849600,44.443073,2849600,-1.074134372367299,1.129874964509943,44.49984333333333,45.569046
1513,1513,2019-01-07,46.740002000000004,48.91,46.650002,48.16,45.569046,2384700,45.569046,2384700,3.0380786034198124,0.9455407172469333,44.61338766666666,46.382782
1514,1514,2019-01-08,49.43,49.98,47.860001000000004,49.02,46.382782,2424700,46.382782,2424700,-0.829455796075251,0.9614008374674547,44.82785899999999,46.638259999999995
1515,1515,2019-01-09,48.91,49.959998999999996,48.209998999999996,49.290001000000004,46.638259999999995,3078300,46.638259999999995,3078300,0.7769392762216462,1.220555201870774,45.46496699999998,44.755314
1516,1516,2019-01-10,45.810001,47.34,44.599998,47.299999,44.755314,4227800,44.755314,4227800,3.252560505292283,1.6763354067080072,46.19669599999998,44.831013
1517,1517,2019-01-11,47.209998999999996,48.77,46.84,47.380001,44.831013,3632600,44.831013,3632600,0.360097444611265,1.4403368178266491,45.925451999999986,44.736393
1518,1518,2019-01-14,47.189999,47.849998,46.939999,47.279999,44.736393,1801300,44.736393,1801300,0.19071837657804633,0.714220863830629,45.40819566666665,44.717464
1519,1519,2019-01-15,47.07,47.560001,46.98,47.259997999999996,44.717464,1987100,44.717464,1987100,0.40364988315274203,0.7878911222549508,44.774239999999985,42.588516
1520,1520,2019-01-16,43.259997999999996,45.07,43.040001000000004,45.009997999999996,42.588516,10653100,42.588516,10653100,4.045307630388702,4.223986168030907,44.76162333333332,43.411709
1521,1521,2019-01-17,44.830002,46.080002,44.77,45.880001,43.411709,3466400,43.411709,3466400,2.342179239697557,1.3744380183103828,44.014124333333314,44.963485999999996
1522,1522,2019-01-18,46.27,47.869999,46.27,47.52,44.963485999999996,4108800,44.963485999999996,4108800,2.7015344715798575,1.6291515490519561,43.57256299999998,44.537689
1523,1523,2019-01-22,47.259997999999996,47.830002,46.779999,47.07,44.537689,2321600,44.537689,2321600,-0.40202710122839125,0.9205213775990608,43.65457033333331,44.121365000000004
1524,1524,2019-01-23,47.16,47.16,45.900002,46.630001,44.121365000000004,2146400,44.121365000000004,2146400,-1.1238316369804846,0.8510540510331772,44.30429466666664,44.206520000000005
1525,1525,2019-01-24,46.540001000000004,46.740002000000004,45.599998,46.720001,44.206520000000005,2472600,44.206520000000005,2472600,0.3867640656045532,0.9803933314315291,44.540846666666646,44.547153
1526,1526,2019-01-25,47.0,47.650002,46.73,47.080002,44.547153,2600800,44.547153,2600800,0.1702170212765965,1.0312250167383001,44.28852466666665,43.582027000000004
1527,1527,2019-01-28,46.650002,46.73,45.689999,46.060001,43.582027000000004,3727300,43.582027000000004,3727300,-1.2647394956167437,1.4778856524487334,44.29167933333332,43.449558
1528,1528,2019-01-29,45.959998999999996,46.09,45.240002000000004,45.919998,43.449558,3354900,43.449558,3354900,-0.0870343796134474,1.3302279331956794,44.11189999999999,42.93861
1529,1529,2019-01-30,46.0,46.349998,45.25,45.380001,42.93861,3083300,42.93861,3083300,-1.3478239130434782,1.2225377168983391,43.85957933333332,43.913197
1530,1530,2019-01-31,45.23,46.450001,44.959998999999996,46.41,43.913197,4780000,43.913197,4780000,2.608887906256909,1.895284366352305,43.32339833333332,42.8913
1531,1531,2019-02-01,46.48,46.799999,45.200001,45.330002,42.8913,3870100,42.8913,3870100,-2.4741781411359653,1.5345062816359947,43.43378833333332,43.354939
1532,1532,2019-02-04,45.490002000000004,46.0,45.02,45.82,43.354939,1948600,43.354939,1948600,0.7254297328894296,0.7726257565426989,43.247702333333315,44.111897
1533,1533,2019-02-05,46.25,46.790001000000004,45.959998999999996,46.619999,44.111897,2081300,44.111897,2081300,0.7999978378378377,0.8252417053742787,43.386478666666655,43.629337
1534,1534,2019-02-06,46.310001,46.73,45.82,46.110001000000004,43.629337,1820800,43.629337,1820800,-0.4318721565132243,0.7219526724381332,43.45271199999999,43.913197
1535,1535,2019-02-07,46.150002,46.650002,45.810001,46.41,43.913197,2530800,43.913197,2530800,0.5633759235806662,1.0034698063523877,43.698724333333324,43.023773
1536,1536,2019-02-08,46.220001,46.369999,45.380001,45.470001,43.023773,2343800,43.023773,2343800,-1.6226741319196423,0.9293237443214503,43.88481033333332,42.919689
1537,1537,2019-02-11,45.560001,45.599998,45.029999,45.360001000000004,42.919689,3317900,42.919689,3317900,-0.4389815531391137,1.3155573219916972,43.52210233333332,43.288703999999996
1538,1538,2019-02-12,45.5,46.349998,45.209998999999996,45.75,43.288703999999996,2288400,43.288703999999996,2288400,0.5494505494505495,0.907357477816028,43.28555299999999,42.210037
1539,1539,2019-02-13,45.580002,45.580002,43.720001,44.610001000000004,42.210037,5568200,42.210037,5568200,-2.128128471780226,2.2078080352976786,43.07738866666666,41.538231
1540,1540,2019-02-14,44.040001000000004,44.689999,43.5,43.900002,41.538231,5066600,41.538231,5066600,-0.31789054682356405,2.0089221277323404,42.806143333333324,42.049178999999995
1541,1541,2019-02-15,44.330002,44.84,44.220001,44.439999,42.049178999999995,3501100,42.049178999999995,3501100,0.24813217919548006,1.388196672601685,42.34565733333332,42.815605
1542,1542,2019-02-19,44.509997999999996,45.450001,44.110001000000004,45.25,42.815605,2838400,42.815605,2838400,1.6625523101573811,1.125434130848197,41.932482333333326,42.579056
1543,1543,2019-02-20,45.25,45.799999,44.880001,45.0,42.579056,2360600,42.579056,2360600,-0.5524861878453038,0.9359849948140692,42.134338333333325,42.096493
1544,1544,2019-02-21,45.009997999999996,45.369999,44.349998,44.490002000000004,42.096493,2410300,42.096493,2410300,-1.1552899869046693,0.955691194188067,42.48128,41.6707
1545,1545,2019-02-22,43.5,44.040001000000004,43.150002,44.040001000000004,41.6707,3661000,41.6707,3661000,1.2413816091954109,1.4515975031832191,42.49705133333334,42.399277000000005
1546,1546,2019-02-25,44.389998999999996,45.349998,44.299999,44.810001,42.399277000000005,4357400,42.399277000000005,4357400,0.9461635716639774,1.7277221962224965,42.115416333333336,43.137318
1547,1547,2019-02-26,45.060001,46.599998,44.919998,45.59,43.137318,3816800,43.137318,3816800,1.1762072530801846,1.51337267144215,42.05549,44.717464
1548,1548,2019-02-27,45.59,47.279999,45.459998999999996,47.259997999999996,44.717464,4847600,44.717464,4847600,3.663079622724265,1.922087969524986,42.402431666666665,44.736393
1549,1549,2019-02-28,47.59,47.650002,46.5,47.279999,44.736393,6315300,44.736393,6315300,-0.651399453666751,2.5040354307164665,43.41801966666666,44.263290000000005
1550,1550,2019-03-01,48.43,48.869999,45.57,46.779999,44.263290000000005,6013200,44.263290000000005,6013200,-3.4069812099938117,2.384251872750979,44.197058333333324,43.023773
1551,1551,2019-03-04,46.869999,46.93,45.369999,45.470001,43.023773,3688100,43.023773,3688100,-2.986981075036926,1.4623427346326225,44.57238233333333,42.8913
1552,1552,2019-03-05,45.860001000000004,45.98,44.740002000000004,45.330002,42.8913,3149700,42.8913,3149700,-1.1556890284411543,1.2488655164644047,44.00781866666666,42.314116999999996
1553,1553,2019-03-06,45.549999,45.98,44.66,44.720001,42.314116999999996,2383700,42.314116999999996,2383700,-1.8221690850091923,0.9451442142414203,43.39278766666666,42.342506
1554,1554,2019-03-07,44.5,44.990002000000004,43.619999,44.75,42.342506,2757900,42.342506,2757900,0.5617977528089888,1.0935156389043978,42.74306333333333,41.865459
1555,1555,2019-03-08,44.299999,44.299999,43.560001,43.880001,41.865459,1939900,41.865459,1939900,-0.9480767708369466,0.7691761803947356,42.515974333333325,42.294804
1556,1556,2019-03-11,43.860001000000004,44.549999,43.720001,44.330002,42.294804,1879500,42.294804,1879500,1.071593682818193,0.7452273988617483,42.17402733333332,42.390209000000006
1557,1557,2019-03-12,44.439999,44.459998999999996,43.82,44.43,42.390209000000006,1930000,42.390209000000006,1930000,-0.022500000506301847,0.7652508006401565,42.16758966666665,42.428375
1558,1558,2019-03-13,44.360001000000004,44.860001000000004,43.990002000000004,44.470001,42.428375,2237100,42.428375,2237100,0.24797113958586117,0.8870168736332095,42.18349066666666,42.418831
1559,1559,2019-03-14,44.209998999999996,44.549999,43.919998,44.459998999999996,42.418831,2530700,42.418831,2530700,0.5654829352065808,1.0034301560518364,42.37112933333332,41.731884
1560,1560,2019-03-15,44.470001,44.540001000000004,43.279999,43.740002000000004,41.731884,3020400,41.731884,3020400,-1.6415538196187567,1.1975976778515693,42.412471666666654,42.161224
1561,1561,2019-03-18,43.91,44.220001,43.610001000000004,44.189999,42.161224,2879500,42.161224,2879500,0.6376656797995985,1.1417304043747827,42.19302999999999,42.514244
1562,1562,2019-03-19,44.389998999999996,44.950001,44.009997999999996,44.560001,42.514244,2087900,42.514244,2087900,0.38297365133980693,0.8278586252106647,42.10397966666666,41.4552
1563,1563,2019-03-20,44.549999,44.639998999999996,43.360001000000004,43.450001,41.4552,2661800,41.4552,2661800,-2.4691313685551357,1.0554117000745953,42.135783999999994,41.750965
1564,1564,2019-03-21,42.669998,43.82,42.540001000000004,43.759997999999996,41.750965,4499600,41.750965,4499600,2.554488050362684,1.78410492360645,42.043555999999995,40.959076
1565,1565,2019-03-22,43.630001,43.880001,42.82,42.93,40.959076,3469000,40.959076,3469000,-1.6044028969882451,1.3754689261247166,41.906803,41.541069
1566,1566,2019-03-25,42.790001000000004,44.290001000000004,42.75,43.540001000000004,41.541069,2161200,41.541069,2161200,1.7527459277226938,0.8569222955147701,41.38841366666667,41.722351
1567,1567,2019-03-26,44.0,44.59,43.57,43.73,41.722351,2419400,41.722351,2419400,-0.6136363636363708,0.9592993715382356,41.41703666666667,42.600109
1568,1568,2019-03-27,43.73,44.73,43.66,44.650002,42.600109,2350600,42.600109,2350600,2.1038234621541365,0.9320199647589389,41.40749866666667,42.285259
1569,1569,2019-03-28,44.98,45.919998,44.279999,44.32,42.285259,3698900,42.285259,3698900,-1.4673188083592632,1.4666249670921632,41.95450966666667,42.34251
1570,1570,2019-03-29,44.52,44.68,43.970001,44.380001,42.34251,2137500,42.34251,2137500,-0.3144631626235469,0.8475251742841112,42.202573,42.838634000000006
1571,1571,2019-04-01,44.310001,44.959998999999996,43.880001,44.900002,42.838634000000006,3015200,42.838634000000006,3015200,1.3315300985888059,1.1955358622229015,42.409292666666666,41.922703000000006
1572,1572,2019-04-02,44.950001,44.990002000000004,43.880001,43.939999,41.922703000000006,3105800,41.922703000000006,3105800,-2.2469454450067756,1.2314590345223826,42.488801,42.332966
1573,1573,2019-04-03,44.25,44.669998,44.09,44.369999,42.332966,2026400,42.332966,2026400,0.2711841807909604,0.8034736903716131,42.36794900000001,43.45879
1574,1574,2019-04-04,44.619999,45.560001,44.41,45.549999,43.45879,2386000,43.45879,2386000,2.084267191489627,0.9460561711541002,42.36476766666667,43.544659
1575,1575,2019-04-05,45.669998,46.200001,45.450001,45.639998999999996,43.544659,3381800,43.544659,3381800,-0.06568644912137649,1.34089386404398,42.57148633333333,43.000824
1576,1576,2019-04-08,45.529999,46.029999,44.990002000000004,45.07,43.000824,1620500,43.000824,1620500,-1.010320689881843,0.6425331204338723,43.11213833333333,42.142143
1577,1577,2019-04-09,44.759997999999996,44.860001000000004,44.110001000000004,44.169998,42.142143,1886600,42.142143,1886600,-1.3181412563959372,0.7480425702008908,43.33475766666666,42.876789
1578,1578,2019-04-10,45.0,46.0,44.290001000000004,44.939999,42.876789,3670200,42.876789,3670200,-0.13333555555555499,1.455245330833939,42.89587533333333,41.846378
1579,1579,2019-04-11,45.16,45.689999,43.439999,43.860001000000004,41.846378,3634200,41.846378,3634200,-2.8786514614703114,1.4409712226354698,42.673252,41.81776
1580,1580,2019-04-12,43.950001,44.259997999999996,43.470001,43.830002,41.81776,2358000,41.81776,2358000,-0.27303526113685406,0.9349540869997353,42.28843666666666,41.264381
1581,1581,2019-04-15,43.98,44.040001000000004,43.18,43.25,41.264381,3251700,41.264381,3251700,-1.6598453842655685,1.2893088230267342,42.180308999999994,41.474284999999995
1582,1582,2019-04-16,43.380001,43.490002000000004,43.25,43.470001,41.474284999999995,4309500,41.474284999999995,4309500,0.20746887488546487,1.708729702258422,41.64283966666665,41.81776
1583,1583,2019-04-17,43.59,44.18,43.330002,43.830002,41.81776,3163800,41.81776,3163800,0.5505895847671414,1.2544562088421385,41.51880866666665,41.846378
1584,1584,2019-04-18,43.950001,44.349998,43.650002,43.860001000000004,41.846378,1913600,41.846378,1913600,-0.204778152337235,0.7587481513497428,41.51880866666665,40.214882
1585,1585,2019-04-22,43.669998,43.75,42.009997999999996,42.150002,40.214882,2886200,40.214882,2886200,-3.480641331836102,1.1443869745117201,41.71280766666665,39.861874
1586,1586,2019-04-23,42.349998,42.52,41.209998999999996,41.779999,39.861874,3587400,39.861874,3587400,-1.3459245027591331,1.4224148819774598,41.29300666666665,40.07177
1587,1587,2019-04-24,41.77,42.5,41.77,42.0,40.07177,1843000,40.07177,1843000,0.5506344266219699,0.7307550391605225,40.64104466666666,39.165382
1588,1588,2019-04-25,41.82,41.98,40.709998999999996,41.049999,39.165382,2751400,39.165382,2751400,-1.8412266857962711,1.090938369368563,40.049508666666654,39.489779999999996
1589,1589,2019-04-26,40.77,41.389998999999996,40.119999,41.389998999999996,39.489779999999996,2434300,39.489779999999996,2434300,1.5207235712533549,0.9652072663203798,39.699675333333325,38.945941999999995
1590,1590,2019-04-29,41.25,41.630001,40.709998999999996,40.82,38.945941999999995,2387900,38.945941999999995,2387900,-1.0424242424242418,0.946809526864575,39.57564399999999,39.136761
1591,1591,2019-04-30,40.860001000000004,41.130001,40.450001,41.02,39.136761,4058100,39.136761,4058100,0.391578551356372,1.6090488466724453,39.20036799999999,38.49752
1592,1592,2019-05-01,40.959998999999996,40.990002000000004,40.34,40.349998,38.49752,1836500,38.49752,1836500,-1.4892602902651364,0.7281777696246878,39.19082766666666,38.612015
1593,1593,2019-05-02,40.509997999999996,41.040001000000004,40.299999,40.470001,38.612015,2721000,38.612015,2721000,-0.09873365088784382,1.0788846780009669,38.86007433333333,38.440277
1594,1594,2019-05-03,40.560001,40.689999,40.0,40.290001000000004,38.440277,2412600,38.440277,2412600,-0.6656804569605312,0.956603151100747,38.748765333333324,38.755123
1595,1595,2019-05-06,39.93,40.669998,39.5,40.619999,38.755123,2841100,38.755123,2841100,1.7280215376909598,1.1265046889630823,38.516603999999994,37.562515000000005
1596,1596,2019-05-07,40.59,40.619999,39.200001,39.369999,37.562515000000005,3137100,37.562515000000005,3137100,-3.005668883961575,1.2438695785949405,38.60247166666665,38.096806
1597,1597,2019-05-08,39.02,40.349998,38.91,39.93,38.096806,2620400,38.096806,2620400,2.3321373654536046,1.0389964756463554,38.252638333333316,37.972775
1598,1598,2019-05-09,39.119999,39.98,39.099998,39.799999,37.972775,3211300,37.972775,3211300,1.7382413532270276,1.2732901016040077,38.13814799999998,37.562515000000005
1599,1599,2019-05-10,39.360001000000004,39.560001,38.759997999999996,39.369999,37.562515000000005,2422000,37.562515000000005,2422000,0.025401422118856026,0.9603302793525695,37.87736533333332,35.873775
1600,1600,2019-05-13,39.040001000000004,39.119999,37.41,37.599998,35.873775,3278200,35.873775,3278200,-3.68853218010933,1.2998161526728296,37.877365333333316,36.303115999999996
1601,1601,2019-05-14,37.970001,38.490002000000004,37.049999,38.049999,36.303115999999996,3079300,36.303115999999996,3079300,0.2106873792286606,1.220951704876287,37.13635499999999,35.711582
1602,1602,2019-05-15,37.75,38.099998,37.02,37.43,35.711582,4062900,35.711582,4062900,-0.8476821192052987,1.6109520610989079,36.57980199999999,35.234535
1603,1603,2019-05-16,37.59,37.849998,36.900002,36.93,35.234535,2862200,35.234535,2862200,-1.7557861133280224,1.1348709023794072,35.96282433333332,35.387188
1604,1604,2019-05-17,36.599998,37.700001,36.369999,37.09,35.387188,2422400,35.387188,2422400,1.3388033518471887,0.9604888805547748,35.749744333333325,35.740208
1605,1605,2019-05-20,37.48,37.799999,36.950001,37.459998999999996,35.740208,4396000,35.740208,4396000,-0.05336446104589276,1.7430272122352997,35.444435,36.112301
1606,1606,2019-05-21,37.0,38.189999,36.77,37.849998,36.112301,9394100,36.112301,9394100,2.29729189189189,3.724788884089997,35.453977,32.772984
1607,1607,2019-05-22,34.279999,35.209998999999996,33.75,34.349998,32.772984,15979500,32.772984,15979500,0.20419778892059715,6.335919776595534,35.74656566666667,32.257778
1608,1608,2019-05-23,34.110001000000004,34.810001,33.669998,33.810001,32.257778,4992100,32.257778,4992100,-0.8795074500291109,1.9793826538216195,34.87516433333334,31.962008
1609,1609,2019-05-24,33.959998999999996,34.02,33.25,33.5,31.962008,4390700,31.962008,4390700,-1.3545318420062271,1.7409257463060805,33.71435433333334,31.465878999999997
1610,1610,2019-05-28,33.580002,33.959998999999996,32.970001,32.98,31.465878999999997,4109200,31.465878999999997,4109200,-1.7867836934613746,1.6293101502541614,32.33092333333334,30.931590999999997
1611,1611,2019-05-29,32.779999,33.040001000000004,32.27,32.419998,30.931590999999997,3499900,30.931590999999997,3499900,-1.09823371257576,1.3877208689950693,31.895221666666668,30.9793
1612,1612,2019-05-30,32.400002,32.93,32.360001000000004,32.470001,30.9793,3375800,30.9793,3375800,0.21604628296011466,1.3385148460109018,31.453159333333332,30.207226000000002
1613,1613,2019-05-31,32.0,32.0,30.91,31.299999,30.207226000000002,6560200,30.207226000000002,6560200,-2.187503125000001,2.601139016766609,31.12559,30.979296
1614,1614,2019-06-03,31.219998999999998,32.43,31.15,32.099998,30.979296,4044700,30.979296,4044700,2.8187028449296285,1.6037357063985707,30.706039,31.761019
1615,1615,2019-06-04,32.32,33.18,32.209998999999996,32.91,31.761019,3624900,31.761019,3624900,1.825495049504939,1.4372837446841986,30.72194066666667,30.844183
1616,1616,2019-06-05,33.139998999999996,33.32,31.84,31.959999,30.844183,2672800,30.844183,2672800,-3.560651887768603,1.0597732331352385,30.982513666666673,29.965953999999996
1617,1617,2019-06-06,31.709999,31.870001000000002,30.549999,31.049999,29.965953999999996,6394800,29.965953999999996,6394800,-2.0813624119004235,2.535557419654753,31.19483266666667,30.564308
1618,1618,2019-06-07,31.08,31.73,30.92,31.67,30.564308,3103900,30.564308,3103900,1.8983268983269095,1.2307056788119077,30.857052,31.403934000000003
1619,1619,2019-06-10,31.91,32.799999,31.879998999999998,32.540001000000004,31.403934000000003,5190300,31.403934000000003,5190300,1.9743058602319132,2.057969549514303,30.45814833333333,31.683811
1620,1620,2019-06-11,32.59,33.169998,32.349998,32.830002,31.683811,4183800,31.683811,4183800,0.7364283522552836,1.6588892744654335,30.644732,31.017899
1621,1621,2019-06-12,32.82,33.009997999999996,32.009997999999996,32.139998999999996,31.017899,2323700,31.017899,2323700,-2.071910420475333,0.9213540339106382,31.217351000000004,31.519743
1622,1622,2019-06-13,32.169998,32.709998999999996,31.84,32.66,31.519743,2259500,31.519743,2259500,1.523164533612955,0.8958985409567014,31.368548000000004,31.471489000000002
1623,1623,2019-06-14,32.59,32.669998,32.080002,32.610001000000004,31.471489000000002,2504300,31.471489000000002,2504300,0.06137158637619086,0.9929624767062922,31.407151000000002,31.336382
1624,1624,2019-06-17,32.48,33.119999,32.299999,32.470001,31.336382,2825400,31.336382,2825400,-0.030785098522147263,1.1202795917765276,31.33637700000001,31.008249
1625,1625,2019-06-18,32.400002,32.93,31.98,32.130001,31.008249,2445000,31.008249,2445000,-0.8333363683125717,0.9694498484793693,31.44253800000001,32.01194
1626,1626,2019-06-19,32.25,33.389998999999996,31.709999,33.169998,32.01194,8223200,32.01194,8223200,2.8527069767441846,3.260523514934785,31.272040000000004,32.050540999999996
1627,1627,2019-06-20,33.740002000000004,33.869999,32.700001,33.209998999999996,32.050540999999996,5427100,32.050540999999996,5427100,-1.5708446016097086,2.1518614612197893,31.452190333333338,32.233913
1628,1628,2019-06-21,33.310001,33.759997999999996,32.740002000000004,33.400002,32.233913,4827600,32.233913,4827600,0.2701921263827068,1.9141579094147252,31.69024333333334,31.539046999999997
1629,1629,2019-06-24,33.220001,33.220001,32.5,32.68,31.539046999999997,3081900,31.539046999999997,3081900,-1.6255297523922523,1.221982612690621,32.09879800000001,31.625908000000003
1630,1630,2019-06-25,32.779999,32.830002,32.310001,32.77,31.625908000000003,2922000,31.625908000000003,2922000,-0.03050335663522574,1.1585817821090867,31.941167000000007,31.075806
1631,1631,2019-06-26,32.689999,32.93,32.18,32.200001,31.075806,3654700,31.075806,3654700,-1.4989232639621675,1.4490995342484871,31.79962266666668,30.351992
1632,1632,2019-06-27,31.35,31.85,31.09,31.450001,30.351992,5500100,30.351992,5500100,0.31898245614034737,2.1808061806222407,31.41358700000001,30.747675
1633,1633,2019-06-28,31.549999,32.16,31.469998999999998,31.860001,30.747675,3449100,30.747675,3449100,0.9825737236948908,1.3675785163150072,31.01790200000001,30.390593
1634,1634,2019-07-01,32.169998,32.799999,31.15,31.49,30.390593,4928600,30.390593,4928600,-2.1137645081606817,1.9542047129715416,30.72515766666668,29.869446000000003
1635,1635,2019-07-02,31.15,31.200001,30.690001000000002,30.950001,29.869446000000003,4515600,29.869446000000003,4515600,-0.6420513643659655,1.7904489716946586,30.496753333333345,30.158972
1636,1636,2019-07-03,30.969998999999998,31.370001000000002,30.82,31.25,30.158972,3201900,30.158972,3201900,0.9041040007783087,1.2695629733521852,30.335904666666682,30.863483000000002
1637,1637,2019-07-05,31.299999,32.139998999999996,31.120001000000002,31.98,30.863483000000002,2602300,30.863483000000002,2602300,2.1725272259593384,1.0318197712465695,30.139670333333353,30.709071999999995
1638,1638,2019-07-08,31.9,32.290001000000004,31.51,31.82,30.709071999999995,2930700,30.709071999999995,2930700,-0.25078369905955583,1.16203135825705,30.297300333333354,29.840494
1639,1639,2019-07-09,31.709999,31.85,30.91,30.92,29.840494,4644800,29.840494,4644800,-2.491324581877149,1.8416771600069426,30.577175666666687,29.271093
1640,1640,2019-07-10,31.059998999999998,31.059998999999998,30.280001000000002,30.33,29.271093,3831300,29.271093,3831300,-2.3502866178456716,1.519121965022089,30.471016333333353,29.502712
1641,1641,2019-07-11,30.35,30.77,30.139999,30.57,29.502712,2177900,29.502712,2177900,0.724876441515647,0.8635438957068378,29.94021966666669,30.265133000000002
1642,1642,2019-07-12,30.709999,31.49,30.57,31.360001,30.265133000000002,2730500,30.265133000000002,2730500,2.116580987189223,1.0826514565533407,29.538099666666692,30.062462
1643,1643,2019-07-15,31.370001000000002,31.799999,30.950001,31.15,30.062462,3023700,30.062462,3023700,-0.7013101465951609,1.1989061377697623,29.67964600000003,29.927351
1644,1644,2019-07-16,31.17,31.43,30.99,31.01,29.927351,3223900,29.927351,3223900,-0.5133140840551818,1.2782860394734719,29.943435666666698,28.740294
1645,1645,2019-07-17,30.99,31.08,29.77,29.780001000000002,28.740294,4965700,28.740294,4965700,-3.9044820909970843,1.9689149744760752,30.08498200000003,28.344606
1646,1646,2019-07-18,29.74,29.75,29.27,29.370001000000002,28.344606,3512600,28.344606,3512600,-1.244112306657688,1.392756457165085,29.57670233333336,28.682388
1647,1647,2019-07-19,29.43,29.959999,29.4,29.719998999999998,28.682388,2776200,28.682388,2776200,0.9853856608902417,1.1007716439052864,29.00408366666669,27.755907
1648,1648,2019-07-22,29.77,30.030001000000002,28.549999,28.76,27.755907,5580800,27.755907,5580800,-3.392677191803823,2.212803973167143,28.589096000000026,28.05508
1649,1649,2019-07-23,28.91,29.120001000000002,28.23,29.07,28.05508,5206700,28.05508,5206700,0.553441715669319,2.0644721988047166,28.260967000000022,28.971914
1650,1650,2019-07-24,29.120001000000002,30.16,29.120001000000002,30.02,28.971914,4587900,28.971914,4587900,3.09065580045824,1.8191161389932509,28.164458333333357,29.251789000000002
1651,1651,2019-07-25,29.950001,30.309998999999998,29.709999,30.309998999999998,29.251789000000002,4579600,29.251789000000002,4579600,1.2019966209683846,1.8158251640474927,28.260967000000022,29.435158
1652,1652,2019-07-26,30.540001,30.540001,29.82,30.5,29.435158,3001500,29.435158,3001500,-0.13097903958811322,1.190103771047373,28.759594333333354,29.859795000000002
1653,1653,2019-07-29,30.4,31.040001,30.18,30.940001000000002,29.859795000000002,4302800,29.859795000000002,4302800,1.7763190789473808,1.7060731321214848,29.219620333333353,29.618523
1654,1654,2019-07-30,30.889999,31.02,30.32,30.690001000000002,29.618523,3450100,29.618523,3450100,-0.6474522708789898,1.3679750193205202,29.51558066666669,31.954034999999998
1655,1655,2019-07-31,30.540001,33.919998,30.540001,33.110001000000004,31.954034999999998,12053000,31.954034999999998,12053000,8.415192913713408,4.779050725448605,29.637825333333353,29.753635
1656,1656,2019-08-01,33.16,33.299999,30.5,30.83,29.753635,8022400,29.753635,8022400,-7.026537997587451,3.180905711427768,30.47745100000002,29.715034000000003
1657,1657,2019-08-02,31.0,31.360001,30.6,30.790001,29.715034000000003,3425400,29.715034000000003,3425400,-0.6774161290322575,1.3581813950843482,30.442064333333352,29.145632
1658,1658,2019-08-05,30.309998999999998,30.35,29.49,30.200001,29.145632,5563500,29.145632,5563500,-0.36290994268920096,2.2059444711717675,30.47423466666669,29.48341
1659,1659,2019-08-06,30.26,30.65,29.83,30.549999,29.48341,2371500,29.48341,2371500,0.9583575677461934,0.9403068775741613,29.538100333333357,29.097374
1660,1660,2019-08-07,30.18,30.6,29.790001,30.15,29.097374,4031100,29.097374,4031100,-0.0994035785288308,1.5983432655235932,29.44802533333335,29.078075
1661,1661,2019-08-08,30.110001,30.780001000000002,29.799999,30.129998999999998,29.078075,2598500,29.078075,2598500,0.06641647072677785,1.03031305982562,29.242138666666687,28.27705
1662,1662,2019-08-09,29.99,30.16,29.25,29.299999,28.27705,3865100,28.27705,3865100,-2.300770256752247,1.5325237666084295,29.219619666666688,27.611140999999996
1663,1663,2019-08-12,29.030001000000002,29.08,28.09,28.610001,27.611140999999996,3539700,27.611140999999996,3539700,-1.446779144099932,1.4035016886144882,28.81749966666669,28.103336
1664,1664,2019-08-13,28.459999,30.41,28.02,29.120001000000002,28.103336,4276200,28.103336,4276200,2.31905138155487,1.695526152174838,28.32208866666669,25.111568
1665,1665,2019-08-14,27.73,27.85,25.879998999999998,26.02,25.111568,9845400,25.111568,9845400,-6.16660656328886,3.90373069047803,27.997175666666692,24.464958
1666,1666,2019-08-15,26.09,26.15,25.01,25.35,24.464958,6513200,24.464958,6513200,-2.8363357608278976,2.582503375507496,26.942015000000026,24.436007
1667,1667,2019-08-16,25.459999,25.99,25.280001000000002,25.32,24.436007,4785700,24.436007,4785700,-0.5498782619747925,1.897544433483729,25.893287333333358,25.188774
1668,1668,2019-08-19,25.639999,26.32,25.440001000000002,26.1,25.188774,5281500,25.188774,5281500,1.794075732998281,2.0941306236170916,24.67084433333336,24.27194
1669,1669,2019-08-20,26.200001,26.34,25.07,25.15,24.27194,5817600,24.27194,5817600,-4.007637251616905,2.3066958848726293,24.69657966666669,25.613413
1670,1670,2019-08-21,25.559998999999998,26.66,25.35,26.540001,25.613413,12597800,25.613413,12597800,3.8341237806777793,4.995065562852106,24.632240333333357,29.676428
1671,1671,2019-08-22,29.0,31.110001,28.549999,30.75,29.676428,28942900,29.676428,28942900,6.0344827586206895,11.475946838263205,25.024709000000026,27.572538
1672,1672,2019-08-23,30.5,30.9,28.48,28.57,27.572538,9605200,27.572538,9605200,-6.327868852459015,3.808490668553799,26.520593666666695,27.842762
1673,1673,2019-08-26,28.780001000000002,29.09,27.790001,28.85,27.842762,8440900,27.842762,8440900,0.24322097834534212,3.346842219234973,27.62079300000003,26.916279
1674,1674,2019-08-27,29.07,29.209999,27.82,27.889999,26.916279,7809800,26.916279,7809800,-4.059170966632269,3.096609172455697,28.363909333333357,27.698
1675,1675,2019-08-28,27.9,29.09,27.860001,28.700001,27.698,4692100,27.698,4692100,2.8673870967741997,1.8604317521677092,27.443859666666693,28.480152
1676,1676,2019-08-29,28.530001000000002,29.34,28.530001000000002,29.129998999999998,28.480152,4721900,28.480152,4721900,2.103042337783289,1.8722475417319975,27.485680333333352,28.323722999999998
1677,1677,2019-08-30,29.200001,29.74,28.74,28.969998999999998,28.323722999999998,3269800,28.323722999999998,3269800,-0.7876780552165135,1.2964855274265201,27.69814366666669,27.746885
1678,1678,2019-09-03,28.719998999999998,28.84,27.9,28.379998999999998,27.746885,3835200,27.746885,3835200,-1.1838440523622575,1.5206683267435899,28.16729166666669,28.851675
1679,1679,2019-09-04,28.709999,29.719998999999998,28.51,29.51,28.851675,3927700,28.851675,3927700,2.786489125269568,1.5573448547535456,28.183586666666685,30.376875
1680,1680,2019-09-05,29.959999,31.969998999999998,29.9,31.07,30.376875,6616800,30.376875,6616800,3.7049433813399006,2.6235810868786467,28.307427666666683,30.376875
1681,1681,2019-09-06,31.120001000000002,31.66,30.639999,31.07,30.376875,5305600,30.376875,5305600,-0.16067158866737097,2.1036863460499555,28.99181166666668,32.038948
1682,1682,2019-09-09,31.09,32.939999,30.98,32.77,32.038948,6469100,32.038948,6469100,5.403666773882288,2.5650175929643715,29.868475000000018,33.476158
1683,1683,2019-09-10,32.549999,34.279999,32.259997999999996,34.240002000000004,33.476158,7036700,33.476158,7036700,5.192021664885472,2.7900726988935696,30.930899333333354,34.268085
1684,1684,2019-09-11,34.41,35.099998,33.119999,35.049999,34.268085,5187300,34.268085,5187300,1.8599215344376727,2.0567800404977636,31.963993666666685,33.847679
1685,1685,2019-09-12,34.650002,35.610001000000004,33.82,34.619999,33.847679,6178800,33.847679,6178800,-0.08658873959083947,2.4499127704639374,33.261063666666686,34.023663
1686,1686,2019-09-13,34.959998999999996,35.630001,34.419998,34.799999,34.023663,4534200,34.023663,4534200,-0.45766591698128084,1.797823927597201,33.86397400000002,34.776485
1687,1687,2019-09-16,34.290001000000004,35.580002,34.220001,35.57,34.776485,4269000,34.776485,4269000,3.732863699828987,1.6926713305351442,34.04647566666669,31.383896000000004
1688,1688,2019-09-17,35.209998999999996,35.380001,31.84,32.099998,31.383896000000004,10462700,31.383896000000004,10462700,-8.832721068807746,4.148491995781225,34.21594233333336,31.862968
1689,1689,2019-09-18,32.16,32.790001000000004,32.09,32.59,31.862968,3925900,31.862968,3925900,1.3370646766169367,1.556631149343622,33.39468133333336,31.432783
1690,1690,2019-09-19,32.700001,32.880001,32.02,32.150002,31.432783,2724700,31.432783,2724700,-1.6819540770044616,1.080351739121365,32.674449666666696,31.432783
1691,1691,2019-09-20,32.240002000000004,33.330002,32.080002,32.150002,31.432783,4472900,31.432783,4472900,-0.27915631022604587,1.773518293359252,31.55988233333336,31.628317
1692,1692,2019-09-23,31.799999,32.93,31.35,32.349998,31.628317,2556200,31.628317,2556200,1.729556658162158,1.0135409826924187,31.576178000000024,31.335012
1693,1693,2019-09-24,32.599998,32.950001,31.48,32.049999,31.335012,2489400,31.335012,2489400,-1.6871136004364164,0.9870545819241481,31.49796100000002,31.520777000000002
1694,1694,2019-09-25,32.080002,32.860001000000004,31.860001,32.240002000000004,31.520777000000002,2966700,31.520777000000002,2966700,0.498753086112662,1.1763054664555195,31.46537066666669,31.471889
1695,1695,2019-09-26,32.279999,32.450001,31.889999,32.189999,31.471889,1887300,31.471889,1887300,-0.27881041755917124,0.74832012230475,31.49470200000003,32.156273
1696,1696,2019-09-27,32.450001,33.07,32.299999,32.889998999999996,32.156273,2289900,32.156273,2289900,1.3559259982765353,0.9079522323242977,31.442559333333364,32.918873
1697,1697,2019-09-30,32.869999,33.77,32.75,33.669998,32.918873,2296000,32.918873,2296000,2.433827272096965,0.9103709006579271,31.71631300000003,32.733112
1698,1698,2019-10-01,33.759997999999996,34.139998999999996,33.080002,33.48,32.733112,3215200,32.733112,3215200,-0.8293780112190738,1.2748364633255085,32.182345000000026,31.129697999999998
1699,1699,2019-10-02,33.27,33.32,31.690001000000002,31.84,31.129697999999998,3429200,31.129697999999998,3429200,-4.298166516381134,1.359688106505298,32.602752666666696,31.423004
1700,1700,2019-10-03,31.690001000000002,32.400002,30.92,32.139998999999996,31.423004,2978800,31.423004,2978800,1.4199999551908933,1.181103152822227,32.260561000000024,31.7652
1701,1701,2019-10-04,32.049999,32.560001,31.73,32.490002000000004,31.7652,2679400,31.7652,2679400,1.3728643174060766,1.0623901529716246,31.761938000000026,32.332256
1702,1702,2019-10-07,32.52,33.32,32.419998,33.07,32.332256,2233200,32.332256,2233200,1.6912669126691178,0.8854705119117086,31.439300666666686,32.224712
1703,1703,2019-10-08,32.470001,33.419998,31.83,32.959998999999996,32.224712,4389000,32.224712,4389000,1.5090791035084747,1.7402516911967083,31.840153333333358,32.361588
1704,1704,2019-10-09,33.23,33.41,33.009997999999996,33.099998,32.361588,1954100,32.361588,1954100,-0.3912187782124512,0.7748065230730207,32.10738933333335,33.006863
1705,1705,2019-10-10,33.23,34.0,33.060001,33.759997999999996,33.006863,1558300,33.006863,1558300,1.5949383087571445,0.6178706334909616,32.30618533333336,34.19965
1706,1706,2019-10-11,34.130001,35.419998,34.0,34.98,34.19965,3407700,34.19965,3407700,2.490474582757841,1.3511632918867675,32.531054333333365,33.906341999999995
1707,1707,2019-10-14,34.919998,34.959998999999996,34.029999,34.68,33.906341999999995,2436500,33.906341999999995,2436500,-0.687279535353925,0.9660795729325085,33.189367000000026,34.688496
1708,1708,2019-10-15,34.740002000000004,35.630001,34.369999,35.48,34.688496,2177700,34.688496,2177700,2.1301035043118097,0.8634645951057351,33.70428500000002,34.082325
1709,1709,2019-10-16,35.080002,35.82,34.630001,34.860001000000004,34.082325,2079100,34.082325,2079100,-0.6271407852257145,0.82436939876215,34.26482933333335,34.258312
1710,1710,2019-10-17,35.119999,35.209998999999996,34.549999,35.040001000000004,34.258312,1693300,34.258312,1693300,-0.22778474452688977,0.6713985392352213,34.22572100000002,33.808575
1711,1711,2019-10-18,34.0,34.959998999999996,33.869999,34.580002,33.808575,2656900,33.808575,2656900,1.7058882352941187,1.0534688353475814,34.34304433333335,34.913364
1712,1712,2019-10-21,35.200001,35.830002,35.009997999999996,35.709998999999996,34.913364,2319900,34.913364,2319900,1.4488579133847068,0.9198473224896887,34.04973733333335,36.106148
1713,1713,2019-10-22,35.720001,37.02,35.150002,36.93,36.106148,3027400,36.106148,3027400,3.387455112333273,1.2003731988901605,34.326750333333344,35.832397
1714,1714,2019-10-23,37.130001,37.470001,36.43,36.650002,35.832397,2544400,35.832397,2544400,-1.2927524564300428,1.008862247227365,34.94269566666668,35.470646
1715,1715,2019-10-24,36.73,36.790001000000004,35.689999,36.279999,35.470646,2279200,35.470646,2279200,-1.2251592703512126,0.9037096501653081,35.61730300000002,36.399452000000004
1716,1716,2019-10-25,35.869999,37.810001,35.869999,37.23,36.399452000000004,3165900,36.399452000000004,3165900,3.7914720878581485,1.255288865153716,35.803063666666695,37.191383
1717,1717,2019-10-28,37.5,38.18,37.43,38.040001000000004,37.191383,2801900,37.191383,2801900,1.4400026666666768,1.1109617711469713,35.9008316666667,36.282131
1718,1718,2019-10-29,37.580002,38.0,36.919998,37.110001000000004,36.282131,2096700,36.282131,2096700,-1.2506678419016486,0.8313478516591793,36.35382700000003,34.424519000000004
1719,1719,2019-10-30,35.98,36.450001,34.68,35.209998999999996,34.424519000000004,3270600,34.424519000000004,3270600,-2.1400806003335204,1.2968027298309306,36.62432200000003,35.099129
1720,1720,2019-10-31,34.950001,35.93,34.470001,35.900002,35.099129,2972600,35.099129,2972600,2.7181715960465933,1.1786448341880462,35.96601100000004,35.871502
1721,1721,2019-11-01,36.209998999999996,36.91,36.029999,36.689999,35.871502,1716800,35.871502,1716800,1.3256006994090335,0.6807163598647776,35.26859300000004,35.979046000000004
1722,1722,2019-11-04,37.119999,37.490002000000004,36.509997999999996,36.799999,35.979046000000004,2107600,35.979046000000004,2107600,-0.8620689887410835,0.8356697344192715,35.131716666666705,35.675964
1723,1723,2019-11-05,37.189999,37.830002,36.459998999999996,36.490002000000004,35.675964,3234300,35.675964,3234300,-1.8822183888738373,1.2824096707308075,35.649892333333376,35.910606
1724,1724,2019-11-06,36.5,36.82,35.709998999999996,36.73,35.910606,2072000,35.910606,2072000,0.6301369863013613,0.8215542274230074,35.8421706666667,36.301685
1725,1725,2019-11-07,37.419998,37.57,36.950001,37.130001,36.301685,1505100,36.301685,1505100,-0.7749786624788157,0.5967766735976682,35.85520533333337,35.832397
1726,1726,2019-11-08,36.91,36.98,36.040001000000004,36.650002,35.832397,2388100,35.832397,2388100,-0.7044107287997724,0.9468888274656776,35.9627516666667,36.594994
1727,1727,2019-11-11,36.439999,37.439999,36.110001000000004,37.43,36.594994,2292200,36.594994,2292200,2.716797549857231,0.9088641892369776,36.01489600000003,36.076817
1728,1728,2019-11-12,36.799999,37.849998,36.099998,36.900002,36.076817,4262000,36.076817,4262000,0.27174728999313547,1.689895809496553,36.24302533333337,36.350571
1729,1729,2019-11-13,36.580002,37.52,36.439999,37.18,36.350571,3907400,36.350571,3907400,1.640235011468833,1.5492958437416309,36.16806933333337,36.976292
1730,1730,2019-11-14,37.119999,38.0,37.119999,37.82,36.976292,2137400,36.976292,2137400,1.885778606836709,0.8474855239835599,36.34079400000004,37.191383
1731,1731,2019-11-15,37.990002000000004,38.279999,36.970001,38.040001000000004,37.191383,2989300,37.191383,2989300,0.13161094332134984,1.185266434380114,36.46789333333337,37.025177
1732,1732,2019-11-18,37.900002,38.16,37.259997999999996,37.869999,37.025177,3019300,37.025177,3019300,-0.07916358421300523,1.197161524545505,36.83941533333336,34.70805
1733,1733,2019-11-19,35.98,36.529999,34.619999,35.5,34.70805,5449700,34.70805,5449700,-1.33407448582545,2.160822429144384,37.06428400000002,33.192627
1734,1734,2019-11-20,35.110001000000004,35.189999,33.68,33.950001,33.192627,5599300,33.192627,5599300,-3.3039019281144526,2.220139278769134,36.30820333333336,33.554375
1735,1735,2019-11-21,32.970001,34.790001000000004,32.709998999999996,34.32,33.554375,8614000,33.554375,8614000,4.0946283259135985,3.415476889489279,34.9752846666667,37.103394
1736,1736,2019-11-22,37.049999,38.470001,36.41,37.950001,37.103394,19700800,37.103394,19700800,2.429155261245758,7.8114264110111895,33.818350666666696,37.504246
1737,1737,2019-11-25,38.459998999999996,38.66,37.450001,38.360001000000004,37.504246,5790800,37.504246,5790800,-0.260005206968394,2.29606960432488,34.616798666666696,37.328262
1738,1738,2019-11-26,38.18,38.709998999999996,37.73,38.18,37.328262,6104800,37.328262,6104800,0.0,2.420571548055973,36.05400500000003,37.831764
1739,1739,2019-11-27,37.970001,38.549999,37.669998,38.32,37.831764,2895900,37.831764,2895900,0.9217776949755593,1.1482330536651966,37.31196733333337,37.683673999999996
1740,1740,2019-11-29,38.299999,38.299999,37.700001,38.169998,37.683673999999996,1549400,37.683673999999996,1549400,-0.3394282072957757,0.6143417567418956,37.55475733333336,37.061703
1741,1741,2019-12-02,38.25,38.34,37.5,37.540001000000004,37.061703,2540700,37.061703,2540700,-1.8562065359477027,1.0073951861069668,37.6145666666667,36.133678
1742,1742,2019-12-03,36.830002,37.130001,36.220001,36.599998,36.133678,2373500,36.133678,2373500,-0.624501730952936,0.9410998835851874,37.5257136666667,37.199917
1743,1743,2019-12-04,36.900002,37.799999,36.73,37.68,37.199917,2548500,37.199917,2548500,2.1138156035872275,1.0104879095499684,36.959685000000036,36.933357
1744,1744,2019-12-05,38.0,38.41,37.360001000000004,37.41,36.933357,2543600,36.933357,2543600,-1.5526315789473772,1.0085450448229545,36.798432666666706,37.081447999999995
1745,1745,2019-12-06,37.790001000000004,38.529999,37.52,37.560001,37.081447999999995,1844000,37.081447999999995,1844000,-0.60862660469367,0.7311515421660356,36.7556506666667,38.414246
1746,1746,2019-12-09,37.549999,39.34,37.439999,38.91,38.414246,3404200,38.414246,3404200,3.6218403095030625,1.349775531367472,37.071574000000034,38.532715
1747,1747,2019-12-10,38.759997999999996,39.099998,38.23,39.029999,38.532715,2514900,38.532715,2514900,0.6965970431680637,0.9971654085647305,37.476350333333365,38.335266
1748,1748,2019-12-11,39.0,39.09,38.580002,38.830002,38.335266,1952000,38.335266,1952000,-0.43589230769230675,0.7739738667614433,38.009469666666696,39.184307000000004
1749,1749,2019-12-12,39.0,39.790001000000004,38.779999,39.689999,39.184307000000004,2442200,39.184307000000004,2442200,1.7692282051282058,0.9683396400639328,38.42740900000003,37.890999
1750,1750,2019-12-13,39.799999,39.799999,38.110001000000004,38.380001,37.890999,2774600,37.890999,2774600,-3.5678342604983473,1.1001372390964654,38.68409600000003,38.364883
1751,1751,2019-12-16,38.68,39.189999,38.299999,38.860001000000004,38.364883,3006800,38.364883,3006800,0.4653593588417898,1.192205236976592,38.470190666666696,38.789406
1752,1752,2019-12-17,38.75,39.52,38.549999,39.290001000000004,38.789406,1600400,38.789406,1600400,1.393550967741945,0.6345634100230604,38.48006300000003,39.964240999999994
1753,1753,2019-12-18,39.799999,40.759997999999996,39.509997999999996,40.48,39.964240999999994,4035200,39.964240999999994,4035200,1.7085452690589193,1.5999689278461968,38.34842933333336,40.220932
1754,1754,2019-12-19,40.259997999999996,40.779999,39.950001,40.740002000000004,40.220932,4519600,40.220932,4519600,1.1922603672260692,1.7920349837167107,39.03951000000003,40.141949
1755,1755,2019-12-20,40.889998999999996,41.330002,40.360001000000004,40.66,40.141949,4559200,40.141949,4559200,-0.5624822832595311,1.8077365027350267,39.65819300000003,40.211056
1756,1756,2019-12-23,40.779999,41.09,40.189999,40.73,40.211056,2042800,40.211056,2042800,-0.12260667294278178,0.8099763396620269,40.109040666666694,39.905006
1757,1757,2019-12-24,40.84,41.07,40.310001,40.419998,39.905006,782200,39.905006,782200,-1.0284084231146027,0.3101446509122956,40.191312333333364,40.62571
1758,1758,2019-12-26,40.59,41.169998,40.419998,41.150002,40.62571,1274400,40.62571,1274400,1.3796550874599585,0.5053034302258111,40.08600366666669,40.378895
1759,1759,2019-12-27,41.259997999999996,41.490002000000004,40.740002000000004,40.900002,40.378895,1289200,40.378895,1289200,-0.8725061014302409,0.5111716747074041,40.24725733333336,40.141949
1760,1760,2019-12-30,40.990002000000004,41.23,40.509997999999996,40.66,40.141949,1880400,40.141949,1880400,-0.8050792483494082,0.74558425156671,40.3032036666667,40.408508000000005
1761,1761,2019-12-31,40.5,41.040001000000004,40.5,40.93,40.408508000000005,1671000,40.408508000000005,1671000,1.0617283950617278,0.6625565222122806,40.382184666666696,
